0.05 0.21192 0.035451 0 0.448 -0.033152 0 0.68475 -0.016711 0 0.98059 0.00665 0
0.1 0.22548 0.017658 0 0.44519 0.024556 0 0.66483 0.028151 0 0.99005 0.010199 0
0.15 0.17242 -0.037956 0 0.506 0.062104 0 0.70184 0.022328 0 1.0507 0.064896 0
0.2 0.17543 -0.031274 0 0.45822 0.04425 0 0.66901 -0.0012768 0 1.0351 0.022753 0
0.25 0.24492 -0.0092609 0 0.49438 0.031276 0 0.69522 0.065632 0 1.0141 0.01337 0
0.3 0.24949 -0.015474 0 0.46605 0.023279 0 0.67843 0.0064994 0 0.96024 0.026117 0
0.35 0.25917 -0.043656 0 0.45392 0.0058368 0 0.66516 0.03072 0 0.93315 0.069459 0
0.4 0.24416 -0.037063 0 0.45605 0.026567 0 0.70068 -0.025763 0 0.99236 0.091232 0
0.45 0.23329 0.014316 0 0.4832 0.050043 0 0.6768 -0.015694 0 1.0119 0.094594 0
0.5 0.19494 0.034977 0 0.45517 0.04061 0 0.71865 0.090314 0 0.99565 0.14783 0
0.55 0.21266 -0.015895 0 0.51857 0.0060404 0 0.71098 0.0073876 0 0.99274 0.15078 0
0.6 0.24435 -0.0050183 0 0.43745 0.070066 0 0.70966 0.0049639 0 0.97259 0.16533 0
0.65 0.2319 0.047584 0 0.45699 0.07363 0 0.71317 0.045673 0 1.0127 0.23142 0
0.7 0.25107 -0.040723 0 0.495 0.044124 0 0.67194 0.11473 0 0.95598 0.25891 0
0.75 0.25125 -0.017657 0 0.42975 0.0083937 0 0.65212 0.092229 0 0.94827 0.27895 0
0.8 0.24076 0.027845 0 0.44438 0.025065 0 0.70062 0.1571 0 0.90694 0.2459 0
0.85 0.25251 -0.026617 0 0.49983 0.02977 0 0.7316 0.1533 0 0.88231 0.31413 0
0.9 0.20749 -0.056225 0 0.39626 -0.0057841 0 0.65269 0.15424 0 0.85555 0.35031 0
0.95 0.20087 0.042309 0 0.47082 0.036943 0 0.66142 0.17658 0 0.76653 0.41274 0
1 0.24771 0.048253 0 0.4465 0.053774 0 0.69005 0.22813 0 0.73758 0.3832 0
1.05 0.21702 0.0053444 0 0.47703 0.065628 0 0.64034 0.21867 0 0.7436 0.45101 0
1.1 0.23431 0.045962 0 0.47744 0.05335 0 0.5939 0.2044 0 0.70057 0.47219 0
1.15 0.24504 -0.025072 0 0.4501 0.087121 0 0.58675 0.2432 0 0.6512 0.54879 0
1.2 0.21345 -0.042237 0 0.48129 0.10989 0 0.64583 0.29481 0 0.55662 0.48589 0
1.25 0.24531 0.046788 0 0.52814 0.086999 0 0.61716 0.28499 0 0.5383 0.52445 0
1.3 0.23382 0.015271 0 0.51041 0.12307 0 0.58207 0.29271 0 0.46835 0.51099 0
1.35 0.18918 0.011929 0 0.41001 0.1756 0 0.60033 0.25079 0 0.42626 0.50594 0
1.4 0.17668 0.042342 0 0.43848 0.13753 0 0.5693 0.33345 0 0.40015 0.58192 0
1.45 0.22724 0.017148 0 0.47614 0.099795 0 0.53524 0.32992 0 0.26074 0.49663 0
1.5 0.2262 0.058195 0 0.43078 0.16949 0 0.52296 0.31675 0 0.32858 0.46992 0
1.55 0.21951 0.012739 0 0.45357 0.16686 0 0.48441 0.36682 0 0.26707 0.45589 0
1.6 0.23657 0.026387 0 0.41002 0.14206 0 0.47904 0.36758 0 0.26279 0.43117 0
1.65 0.23643 0.0056179 0 0.44537 0.13561 0 0.43617 0.36171 0 0.19704 0.3548 0
1.7 0.24206 0.014785 0 0.46512 0.16693 0 0.39735 0.36846 0 0.18117 0.33475 0
1.75 0.29155 0.070987 0 0.43532 0.14855 0 0.37412 0.40798 0 0.18765 0.30559 0
1.8 0.23278 0.028841 0 0.41594 0.16817 0 0.36791 0.37066 0 0.16757 0.19902 0
1.85 0.21536 -0.0050085 0 0.42462 0.14677 0 0.38279 0.38945 0 0.2129 0.22652 0
1.9 0.1972 0.018235 0 0.38777 0.13813 0 0.32472 0.36121 0 0.24571 0.23446 0
1.95 0.21395 -0.0090054 0 0.36704 0.18308 0 0.29091 0.33804 0 0.1945 0.19394 0
2 0.22419 0.03781 0 0.36774 0.13131 0 0.26347 0.35553 0 0.22058 0.18548 0
2.05 0.23089 0.041405 0 0.3087 0.21009 0 0.22811 0.34931 0 0.29307 0.13586 0
2.1 0.21395 0.044003 0 0.39789 0.20375 0 0.24299 0.3683 0 0.30097 0.1626 0
2.15 0.24581 0.054745 0 0.37177 0.24414 0 0.14879 0.36804 0 0.30158 0.17112 0
2.2 0.21227 0.045806 0 0.33405 0.24319 0 0.17259 0.31214 0 0.33112 0.16889 0
2.25 0.19937 0.071702 0 0.34759 0.30577 0 0.17129 0.28818 0 0.25259 0.20065 0
2.3 0.18145 -0.00027705 0 0.37248 0.19177 0 0.13487 0.31326 0 0.29089 0.25546 0
2.35 0.18376 0.029562 0 0.32971 0.27533 0 0.12077 0.23064 0 0.23014 0.28973 0
2.4 0.22343 -0.02777 0 0.31438 0.20099 0 0.15609 0.20857 0 0.205 0.26124 0
2.45 0.2447 0.027223 0 0.33467 0.24049 0 0.13367 0.26307 0 0.22949 0.21028 0
2.5 0.23568 0.036975 0 0.31091 0.2161 0 0.10387 0.15309 0 0.17986 0.19701 0
2.55 0.22912 0.065781 0 0.29779 0.27651 0 0.10842 0.19691 0 0.15565 0.26938 0
2.6 0.22657 9.7735e-05 0 0.22536 0.19231 0 0.093086 0.15379 0 0.12047 0.13197 0
2.65 0.27422 0.035928 0 0.29103 0.23874 0 0.13841 0.14269 0 0.14242 0.25447 0
2.7 0.21052 0.13476 0 0.19504 0.25734 0 0.10745 0.14834 0 0.0934 0.17197 0
2.75 0.18777 0.10747 0 0.26156 0.29731 0 0.14601 0.091516 0 0.10934 0.16633 0
2.8 0.26143 0.11844 0 0.24777 0.26358 0 0.26625 0.11289 0 0.13753 0.11075 0
2.85 0.16467 0.095893 0 0.16164 0.22096 0 0.21197 0.10792 0 0.27865 0.13955 0
2.9 0.19688 0.072955 0 0.17825 0.24212 0 0.18912 0.18239 0 0.15787 0.15954 0
2.95 0.26187 0.029557 0 0.1895 0.21586 0 0.24877 0.13133 0 0.21308 0.14273 0
3 0.2303 0.040257 0 0.10354 0.24265 0 0.17626 0.13396 0 0.24119 0.15874 0
3.05 0.17532 0.052873 0 0.22964 0.27763 0 0.23202 0.18436 0 0.18228 0.14193 0
3.1 0.19556 0.049554 0 0.11053 0.2338 0 0.19072 0.16504 0 0.15616 0.19721 0
