0.05 0.23074 0.0011974 0 0.46999 -0.00097306 0 0.70927 -0.00010393 0 0.9968 0.001477 0
0.1 0.23119 0.00065131 0 0.4699 0.0013465 0 0.7086 0.0027508 0 0.99709 0.0053613 0
0.15 0.22942 -0.0011241 0 0.47192 0.0032582 0 0.70982 0.0048222 0 0.99901 0.01346 0
0.2 0.22952 -0.00079165 0 0.47033 0.003587 0 0.70868 0.0072067 0 0.99824 0.020838 0
0.25 0.23184 8.3198e-05 0 0.47152 0.0043426 0 0.70945 0.013514 0 0.997 0.031808 0
0.3 0.23199 4.8538e-05 0 0.47055 0.0055278 0 0.70871 0.016523 0 0.99421 0.045999 0
0.35 0.23231 -0.00068708 0 0.47011 0.006662 0 0.70797 0.023212 0 0.99169 0.063667 0
0.4 0.23181 -0.00023221 0 0.47012 0.009332 0 0.7087 0.028107 0 0.99118 0.083026 0
0.45 0.23144 0.0017469 0 0.47094 0.012357 0 0.70724 0.036112 0 0.98823 0.10411 0
0.5 0.23016 0.0027334 0 0.46989 0.014547 0 0.70771 0.048195 0 0.98269 0.1291 0
0.55 0.23075 0.0013668 0 0.47184 0.016161 0 0.70622 0.054848 0 0.97589 0.15452 0
0.6 0.2318 0.0020899 0 0.46893 0.021323 0 0.70454 0.065036 0 0.96647 0.18224 0
0.65 0.23138 0.0042351 0 0.46931 0.024729 0 0.70257 0.077488 0 0.95669 0.21336 0
0.7 0.232 0.0017146 0 0.47024 0.02729 0 0.69858 0.091683 0 0.94098 0.24457 0
0.75 0.232 0.0029379 0 0.46764 0.0299 0 0.69468 0.10359 0 0.92386 0.27655 0
0.8 0.23163 0.0049403 0 0.46762 0.034509 0 0.69237 0.11912 0 0.90229 0.30733 0
0.85 0.23201 0.0036419 0 0.46885 0.03897 0 0.68869 0.13303 0 0.87769 0.34155 0
0.9 0.23049 0.0032031 0 0.46466 0.042335 0 0.68048 0.14769 0 0.84924 0.37418 0
0.95 0.23024 0.0070669 0 0.46628 0.04855 0 0.67423 0.16358 0 0.81481 0.40651 0
1 0.23177 0.0078756 0 0.46446 0.054139 0 0.66761 0.18089 0 0.77847 0.43387 0
1.05 0.23072 0.0070869 0 0.4643 0.059792 0 0.65726 0.19649 0 0.73951 0.46182 0
1.1 0.23125 0.0091135 0 0.46297 0.064864 0 0.64581 0.21214 0 0.69539 0.48479 0
1.15 0.23156 0.0074494 0 0.46051 0.071685 0 0.63441 0.22966 0 0.64795 0.50539 0
1.2 0.23046 0.0076119 0 0.4598 0.078344 0 0.62389 0.24755 0 0.5965 0.5164 0
1.25 0.23146 0.011345 0 0.45939 0.083676 0 0.60907 0.26318 0 0.54585 0.52521 0
1.3 0.23102 0.011091 0 0.45658 0.091156 0 0.59263 0.27902 0 0.49268 0.52617 0
1.35 0.22945 0.011806 0 0.45075 0.099354 0 0.57656 0.29265 0 0.44075 0.52096 0
1.4 0.22896 0.013677 0 0.44894 0.10469 0 0.55744 0.30969 0 0.39088 0.51189 0
1.45 0.23055 0.013726 0 0.44715 0.11017 0 0.53684 0.32292 0 0.34006 0.49101 0
1.5 0.23041 0.016012 0 0.44229 0.11935 0 0.51565 0.33469 0 0.30027 0.46612 0
1.55 0.23008 0.015445 0 0.43937 0.12622 0 0.49236 0.34722 0 0.26155 0.43645 0
1.6 0.23052 0.016879 0 0.43389 0.13243 0 0.46907 0.35657 0 0.23121 0.40232 0
1.65 0.23039 0.017194 0 0.4307 0.13931 0 0.44356 0.36397 0 0.20616 0.36374 0
1.7 0.23042 0.018538 0 0.42662 0.14748 0 0.41741 0.36988 0 0.19065 0.32596 0
1.75 0.23191 0.021478 0 0.4205 0.154 0 0.39122 0.37483 0 0.18387 0.28858 0
1.8 0.22978 0.02117 0 0.41435 0.16176 0 0.36527 0.37502 0 0.18385 0.25119 0
1.85 0.22901 0.021167 0 0.40873 0.16809 0 0.33999 0.37478 0 0.19281 0.22261 0
1.9 0.22819 0.023095 0 0.40119 0.17477 0 0.31253 0.37062 0 0.20682 0.19926 0
1.95 0.22853 0.023369 0 0.39378 0.18311 0 0.28646 0.36425 0 0.22171 0.18135 0
2 0.22863 0.02614 0 0.38667 0.18808 0 0.2615 0.3569 0 0.24079 0.17221 0
2.05 0.22859 0.027497 0 0.37715 0.19721 0 0.23753 0.34649 0 0.26075 0.16941 0
2.1 0.22775 0.028848 0 0.37217 0.20327 0 0.21681 0.33482 0 0.27566 0.17621 0
2.15 0.22851 0.030498 0 0.36294 0.21063 0 0.19436 0.32058 0 0.28549 0.1881 0
2.2 0.22707 0.031518 0 0.35293 0.21631 0 0.17804 0.30284 0 0.28993 0.2034 0
2.25 0.2263 0.033725 0 0.34425 0.22376 0 0.16334 0.28483 0 0.28363 0.22123 0
2.3 0.22534 0.032695 0 0.33558 0.22494 0 0.15013 0.26749 0 0.27411 0.23868 0
2.35 0.22502 0.035083 0 0.32432 0.23229 0 0.14048 0.24601 0 0.25506 0.25185 0
2.4 0.22593 0.03459 0 0.31365 0.23392 0 0.13536 0.22645 0 0.23271 0.25731 0
2.45 0.2262 0.037865 0 0.30388 0.23885 0 0.1312 0.20982 0 0.2099 0.25511 0
2.5 0.22543 0.039655 0 0.29239 0.24113 0 0.12958 0.18856 0 0.18525 0.2469 0
2.55 0.22471 0.042103 0 0.28104 0.24566 0 0.13171 0.17375 0 0.16479 0.23498 0
2.6 0.2241 0.041422 0 0.26753 0.24478 0 0.13551 0.15779 0 0.14963 0.21123 0
2.65 0.22514 0.044146 0 0.25849 0.24764 0 0.1433 0.14505 0 0.14352 0.19382 0
2.7 0.22243 0.04899 0 0.24398 0.24892 0 0.15006 0.13532 0 0.14258 0.17022 0
2.75 0.22105 0.049649 0 0.23486 0.25025 0 0.16015 0.12619 0 0.1505 0.15275 0
2.8 0.22286 0.051602 0 0.22308 0.24845 0 0.17341 0.12247 0 0.16353 0.13958 0
2.85 0.21895 0.052455 0 0.20898 0.24566 0 0.18073 0.12068 0 0.18214 0.13654 0
2.9 0.2193 0.053311 0 0.19846 0.24431 0 0.18837 0.12423 0 0.19063 0.14057 0
2.95 0.22072 0.0535 0 0.18796 0.24068 0 0.19749 0.12603 0 0.20059 0.14936 0
3 0.21887 0.055507 0 0.1745 0.23814 0 0.20045 0.13168 0 0.20312 0.16266 0
3.05 0.21621 0.057591 0 0.16845 0.23521 0 0.20551 0.14051 0 0.19545 0.17498 0
3.1 0.21602 0.059156 0 0.15464 0.22901 0 0.20487 0.14801 0 0.18236 0.18645 0
