0.05 0.2249 0.011828 0 0.46317 -0.01096 0 0.70166 -0.0052579 0 0.99177 0.0030824 0
0.1 0.22942 0.0059293 0 0.46223 0.0085494 0 0.69502 0.010634 0 0.9949 0.0068626 0
0.15 0.21173 -0.012555 0 0.4825 0.021521 0 0.70734 0.010255 0 1.015 0.029423 0
0.2 0.21274 -0.010252 0 0.46657 0.016207 0 0.69637 0.0045739 0 1.0097 0.021433 0
0.25 0.2359 -0.0028167 0 0.47861 0.012701 0 0.70504 0.029688 0 1.0023 0.026086 0
0.3 0.23742 -0.0047687 0 0.46915 0.011037 0 0.69931 0.013412 0 0.98367 0.039829 0
0.35 0.24065 -0.014022 0 0.46509 0.0064059 0 0.69469 0.025542 0 0.97352 0.065464 0
0.4 0.23564 -0.011663 0 0.46575 0.014681 0 0.70621 0.011389 0 0.99155 0.085572 0
0.45 0.23202 0.0056478 0 0.47475 0.024052 0 0.69779 0.020034 0 0.99558 0.10116 0
0.5 0.21923 0.01274 0 0.46532 0.022636 0 0.71111 0.061266 0 0.98671 0.13491 0
0.55 0.22513 -0.0039903 0 0.48634 0.01302 0 0.70769 0.040119 0 0.98112 0.15336 0
0.6 0.23569 -0.00011609 0 0.45916 0.03645 0 0.70613 0.046393 0 0.96837 0.17699 0
0.65 0.23154 0.017688 0 0.46549 0.039905 0 0.70586 0.067614 0 0.97406 0.21896 0
0.7 0.23792 -0.011456 0 0.47792 0.032515 0 0.69031 0.098837 0 0.94563 0.24902 0
0.75 0.23797 -0.0034536 0 0.45588 0.023225 0 0.68147 0.10006 0 0.93144 0.27729 0
0.8 0.23447 0.012049 0 0.46041 0.031578 0 0.69493 0.13091 0 0.90374 0.28827 0
0.85 0.23837 -0.0057488 0 0.47846 0.036115 0 0.70201 0.13932 0 0.87912 0.33304 0
0.9 0.22335 -0.01524 0 0.44343 0.027401 0 0.67186 0.14972 0 0.85119 0.36677 0
0.95 0.22113 0.018004 0 0.46769 0.044948 0 0.67026 0.16762 0 0.79982 0.40844 0
1 0.23672 0.020407 0 0.45889 0.054026 0 0.67457 0.19555 0 0.76578 0.41814 0
1.05 0.22647 0.0065461 0 0.46825 0.061603 0 0.65201 0.20337 0 0.74078 0.45846 0
1.1 0.2322 0.020549 0 0.46746 0.061291 0 0.6297 0.20974 0 0.697 0.48088 0
1.15 0.23575 -0.0026436 0 0.45728 0.076475 0 0.61962 0.23386 0 0.64896 0.51886 0
1.2 0.22518 -0.0078585 0 0.46647 0.088133 0 0.6307 0.26221 0 0.58412 0.50693 0
1.25 0.23576 0.022344 0 0.48072 0.084708 0 0.61158 0.26995 0 0.5435 0.52497 0
1.3 0.23189 0.012388 0 0.47328 0.10106 0 0.58936 0.28327 0 0.48513 0.52146 0
1.35 0.21696 0.011844 0 0.43811 0.12301 0 0.58394 0.27966 0 0.43626 0.5163 0
1.4 0.21273 0.022573 0 0.4457 0.11488 0 0.56112 0.31707 0 0.39376 0.53362 0
1.45 0.22952 0.014788 0 0.45615 0.10695 0 0.53634 0.32509 0 0.31544 0.49276 0
1.5 0.22911 0.029103 0 0.43872 0.13491 0 0.51792 0.32912 0 0.30906 0.4673 0
1.55 0.2268 0.014605 0 0.44377 0.13883 0 0.48989 0.3533 0 0.26326 0.44249 0
1.6 0.2324 0.019829 0 0.42649 0.13542 0 0.47216 0.35999 0 0.24101 0.41127 0
1.65 0.23226 0.013602 0 0.43525 0.13816 0 0.44127 0.36327 0 0.20333 0.36097 0
1.7 0.23404 0.017373 0 0.43857 0.15352 0 0.41119 0.36944 0 0.1877 0.32869 0
1.75 0.25042 0.036843 0 0.4251 0.15231 0 0.38591 0.38512 0 0.18504 0.29386 0
1.8 0.23071 0.023551 0 0.41484 0.16375 0 0.36609 0.37367 0 0.1788 0.235 0
1.85 0.22477 0.013043 0 0.41366 0.16148 0 0.35327 0.37933 0 0.19905 0.22383 0
1.9 0.21858 0.021587 0 0.39703 0.1634 0 0.31632 0.3677 0 0.21889 0.21019 0
1.95 0.224 0.013322 0 0.38548 0.18311 0 0.28784 0.35612 0 0.21327 0.18526 0
2 0.22725 0.029762 0 0.38079 0.17046 0 0.26211 0.35647 0 0.23451 0.17633 0
2.05 0.22931 0.031813 0 0.35591 0.20121 0 0.23461 0.34737 0 0.27078 0.159 0
2.1 0.22347 0.033552 0 0.38015 0.20342 0 0.22494 0.34521 0 0.28352 0.17199 0
2.15 0.23388 0.038023 0 0.36568 0.22103 0 0.18022 0.33531 0 0.29048 0.18283 0
2.2 0.22248 0.035952 0 0.34707 0.22465 0 0.17635 0.30573 0 0.30272 0.19269 0
2.25 0.21794 0.045511 0 0.34529 0.24921 0 0.16581 0.28587 0 0.274 0.21485 0
2.3 0.21172 0.022462 0 0.34703 0.21465 0 0.14539 0.28169 0 0.27932 0.24389 0
2.35 0.21222 0.03337 0 0.32599 0.24565 0 0.13436 0.24124 0 0.24733 0.2636 0
2.4 0.22515 0.015237 0 0.31388 0.2237 0 0.14179 0.2209 0 0.22411 0.25853 0
2.45 0.23194 0.034563 0 0.31344 0.23936 0 0.13196 0.22635 0 0.21598 0.2412 0
2.5 0.22861 0.038823 0 0.29814 0.23336 0 0.1216 0.17756 0 0.18358 0.23142 0
2.55 0.22608 0.049451 0 0.28624 0.25524 0 0.12448 0.18094 0 0.16196 0.24566 0
2.6 0.22487 0.028597 0 0.25444 0.2285 0 0.12234 0.15655 0 0.14058 0.18663 0
2.65 0.24037 0.041595 0 0.26859 0.24488 0 0.14178 0.14432 0 0.14318 0.21264 0
2.7 0.21873 0.075608 0 0.22879 0.25153 0 0.13684 0.13936 0 0.12732 0.17076 0
2.75 0.21072 0.067595 0 0.24314 0.26486 0 0.15576 0.11543 0 0.13773 0.15696 0
2.8 0.23483 0.072344 0 0.23075 0.25315 0 0.20222 0.1195 0 0.15546 0.13063 0
2.85 0.2021 0.065935 0 0.19429 0.238 0 0.19042 0.11672 0 0.21209 0.13747 0
2.9 0.21235 0.059407 0 0.19219 0.24363 0 0.1886 0.14228 0 0.18046 0.14646 0
2.95 0.23349 0.04607 0 0.18844 0.23298 0 0.21341 0.12768 0 0.20446 0.1473 0
3 0.22242 0.050774 0 0.15248 0.23954 0 0.19294 0.13239 0 0.21494 0.16144 0
3.05 0.20352 0.056127 0 0.18744 0.24837 0 0.21373 0.15411 0 0.19136 0.16472 0
3.1 0.20967 0.056176 0 0.14095 0.2305 0 0.20048 0.1533 0 0.17423 0.18979 0
