0.05 0.22814 0.005922 0 0.46696 -0.0054115 0 0.70589 -0.0023946 0 0.99456 0.0021905 0
0.1 0.2304 0.0029971 0 0.46649 0.0045478 0 0.70257 0.0062543 0 0.99612 0.0060285 0
0.15 0.22156 -0.0062044 0 0.47662 0.011375 0 0.70872 0.0072368 0 1.0061 0.020555 0
0.2 0.22206 -0.0049961 0 0.46866 0.0091957 0 0.70321 0.0060366 0 1.0033 0.021102 0
0.25 0.23364 -0.0012056 0 0.47467 0.0080575 0 0.70749 0.020702 0 0.99936 0.029265 0
0.3 0.2344 -0.0020925 0 0.46993 0.0079763 0 0.70453 0.01514 0 0.98953 0.043257 0
0.35 0.23602 -0.0066138 0 0.46788 0.0065482 0 0.70207 0.024247 0 0.98361 0.064466 0
0.4 0.23351 -0.0053124 0 0.46818 0.011709 0 0.7076 0.020677 0 0.99134 0.084158 0
0.45 0.2317 0.0034806 0 0.47263 0.017555 0 0.70304 0.028966 0 0.9915 0.1028 0
0.5 0.2253 0.0071807 0 0.46786 0.018142 0 0.70922 0.054004 0 0.98448 0.13168 0
0.55 0.22825 -0.0010141 0 0.47829 0.014765 0 0.70687 0.048302 0 0.97821 0.154 0
0.6 0.23353 0.0011095 0 0.46459 0.028046 0 0.70525 0.05675 0 0.96731 0.17991 0
0.65 0.23145 0.010214 0 0.46761 0.031474 0 0.70403 0.0731 0 0.96441 0.21585 0
0.7 0.23463 -0.0041389 0 0.47365 0.029612 0 0.6949 0.094863 0 0.94305 0.24655 0
0.75 0.23465 9.7233e-05 0 0.46242 0.026933 0 0.68881 0.10202 0 0.92723 0.27688 0
0.8 0.23289 0.0080995 0 0.46441 0.033207 0 0.69351 0.12436 0 0.90293 0.29886 0
0.85 0.23484 -0.00053178 0 0.47312 0.037701 0 0.69461 0.13582 0 0.87833 0.33777 0
0.9 0.22731 -0.0049938 0 0.45523 0.035698 0 0.67665 0.14859 0 0.85011 0.37089 0
0.95 0.22619 0.011928 0 0.46691 0.046949 0 0.67247 0.16538 0 0.80815 0.40736 0
1 0.23397 0.013445 0 0.46198 0.054089 0 0.67071 0.1874 0 0.77283 0.42688 0
1.05 0.22883 0.0068466 0 0.46606 0.060597 0 0.65492 0.19955 0 0.74008 0.46033 0
1.1 0.23167 0.014196 0 0.46496 0.063276 0 0.63865 0.21108 0 0.69611 0.48305 0
1.15 0.23342 0.0029636 0 0.45908 0.073814 0 0.62783 0.23153 0 0.6484 0.51137 0
1.2 0.22811 0.00073617 0 0.46277 0.082695 0 0.62691 0.25407 0 0.591 0.51219 0
1.25 0.23337 0.016234 0 0.46887 0.084135 0 0.61018 0.26619 0 0.5448 0.5251 0
1.3 0.2314 0.011667 0 0.464 0.095557 0 0.59118 0.28091 0 0.48933 0.52408 0
1.35 0.2239 0.011823 0 0.44513 0.10987 0 0.57984 0.28688 0 0.43875 0.51889 0
1.4 0.22174 0.017631 0 0.4475 0.10922 0 0.55907 0.31297 0 0.39216 0.52155 0
1.45 0.23009 0.014198 0 0.45115 0.10874 0 0.53662 0.32389 0 0.32912 0.49179 0
1.5 0.22983 0.02183 0 0.4407 0.12626 0 0.51666 0.33221 0 0.30417 0.46665 0
1.55 0.22862 0.015072 0 0.44132 0.13183 0 0.49126 0.34992 0 0.26231 0.43914 0
1.6 0.23136 0.01819 0 0.4306 0.13376 0 0.47044 0.35809 0 0.23557 0.4063 0
1.65 0.23122 0.015598 0 0.43272 0.1388 0 0.44254 0.36366 0 0.2049 0.36251 0
1.7 0.23203 0.01802 0 0.43193 0.15016 0 0.41464 0.36969 0 0.18934 0.32717 0
1.75 0.24014 0.028307 0 0.42255 0.15325 0 0.38886 0.3794 0 0.18439 0.29093 0
1.8 0.23019 0.022228 0 0.41457 0.16264 0 0.36564 0.37442 0 0.1816 0.244 0
1.85 0.22712 0.017556 0 0.41092 0.16515 0 0.34589 0.3768 0 0.19558 0.22315 0
1.9 0.22392 0.022425 0 0.39934 0.16972 0 0.31421 0.36932 0 0.21218 0.20412 0
1.95 0.22652 0.018904 0 0.39009 0.18311 0 0.28707 0.36064 0 0.21796 0.18309 0
2 0.22802 0.027749 0 0.38406 0.18025 0 0.26177 0.35671 0 0.238 0.17404 0
2.05 0.22891 0.029415 0 0.36771 0.19899 0 0.23623 0.34688 0 0.2652 0.16478 0
2.1 0.22585 0.030939 0 0.37572 0.20334 0 0.22042 0.33943 0 0.27915 0.17433 0
2.15 0.2309 0.033842 0 0.36416 0.21525 0 0.18808 0.32713 0 0.28771 0.18576 0
2.2 0.22503 0.033489 0 0.35033 0.22001 0 0.17729 0.30412 0 0.29561 0.19864 0
2.25 0.22259 0.038963 0 0.34471 0.23507 0 0.16444 0.28529 0 0.27935 0.21839 0
2.3 0.21928 0.028147 0 0.34067 0.22037 0 0.14802 0.2738 0 0.27642 0.24099 0
2.35 0.21933 0.034322 0 0.32506 0.23823 0 0.13776 0.24389 0 0.25162 0.25707 0
2.4 0.22558 0.025989 0 0.31375 0.22938 0 0.13822 0.22399 0 0.22889 0.25785 0
2.45 0.22875 0.036398 0 0.30813 0.23908 0 0.13154 0.21717 0 0.2126 0.24893 0
2.5 0.22684 0.039286 0 0.29495 0.23767 0 0.12603 0.18367 0 0.18451 0.24002 0
2.55 0.22532 0.045369 0 0.28335 0.24992 0 0.1285 0.17694 0 0.16353 0.23973 0
2.6 0.22444 0.035722 0 0.26171 0.23755 0 0.12966 0.15724 0 0.14561 0.2003 0
2.65 0.23191 0.043012 0 0.26298 0.24641 0 0.14262 0.14472 0 0.14337 0.20218 0
2.7 0.22079 0.06082 0 0.23723 0.25008 0 0.14418 0.13711 0 0.1358 0.17046 0
2.75 0.21646 0.057625 0 0.23854 0.25675 0 0.1582 0.12141 0 0.14483 0.15462 0
2.8 0.22818 0.060821 0 0.22649 0.25054 0 0.18622 0.12115 0 0.15994 0.1356 0
2.85 0.21146 0.058446 0 0.20245 0.24226 0 0.18504 0.11892 0 0.19545 0.13696 0
2.9 0.21621 0.05602 0 0.19567 0.24401 0 0.18847 0.13225 0 0.18611 0.14319 0
2.95 0.22639 0.050198 0 0.18818 0.23726 0 0.20457 0.12676 0 0.20231 0.14845 0
3 0.22045 0.053404 0 0.16472 0.23876 0 0.19711 0.13199 0 0.20837 0.16212 0
3.05 0.21057 0.05694 0 0.17689 0.24106 0 0.20916 0.14655 0 0.19363 0.17042 0
3.1 0.2132 0.057832 0 0.14855 0.22967 0 0.20292 0.15036 0 0.17874 0.18793 0
