0.05 0.23139 1.6216e-05 0 0.47075 0.00013656 0 0.71012 0.00046874 0 0.99735 0.0012986 0
0.1 0.23139 6.4865e-05 0 0.47075 0.00054623 0 0.71011 0.0018749 0 0.99733 0.0051945 0
0.15 0.23139 0.00014595 0 0.47075 0.001229 0 0.71009 0.0042185 0 0.99723 0.011687 0
0.2 0.23139 0.00025946 0 0.47074 0.0021849 0 0.71005 0.0074992 0 0.99697 0.020772 0
0.25 0.23139 0.00040541 0 0.47073 0.0034138 0 0.70994 0.011716 0 0.9964 0.032444 0
0.3 0.23139 0.00058379 0 0.47071 0.0049157 0 0.70976 0.016868 0 0.99539 0.046685 0
0.35 0.23138 0.00079459 0 0.47067 0.0066904 0 0.70945 0.022953 0 0.99371 0.063467 0
0.4 0.23138 0.0010378 0 0.47061 0.0087377 0 0.70898 0.029965 0 0.99114 0.082743 0
0.45 0.23138 0.0013135 0 0.47052 0.011057 0 0.70829 0.037898 0 0.98742 0.10444 0
0.5 0.23138 0.0016216 0 0.4704 0.013648 0 0.70734 0.046743 0 0.98224 0.12846 0
0.55 0.23137 0.0019621 0 0.47023 0.01651 0 0.70605 0.056485 0 0.9753 0.15465 0
0.6 0.23137 0.002335 0 0.47001 0.019642 0 0.70436 0.067107 0 0.96626 0.18282 0
0.65 0.23136 0.0027403 0 0.46973 0.023043 0 0.70221 0.078585 0 0.95476 0.21273 0
0.7 0.23135 0.003178 0 0.46938 0.02671 0 0.69949 0.090889 0 0.94046 0.24407 0
0.75 0.23133 0.0036481 0 0.46895 0.030641 0 0.69615 0.10398 0 0.92302 0.27646 0
0.8 0.23132 0.0041505 0 0.46842 0.034835 0 0.69208 0.11781 0 0.90213 0.30945 0
0.85 0.2313 0.0046853 0 0.46778 0.039287 0 0.68721 0.13233 0 0.87753 0.3425 0
0.9 0.23128 0.0052524 0 0.46702 0.043994 0 0.68144 0.14746 0 0.84902 0.375 0
0.95 0.23125 0.0058517 0 0.46613 0.048951 0 0.67468 0.16314 0 0.81647 0.40629 0
1 0.23122 0.0064833 0 0.46508 0.054152 0 0.66684 0.17926 0 0.77988 0.43561 0
1.05 0.23119 0.007147 0 0.46387 0.059591 0 0.65784 0.19572 0 0.73937 0.46219 0
1.1 0.23115 0.0078429 0 0.46247 0.065261 0 0.6476 0.21241 0 0.69521 0.48522 0
1.15 0.2311 0.0085709 0 0.46087 0.071153 0 0.63605 0.22919 0 0.64784 0.50389 0
1.2 0.23105 0.0093308 0 0.45906 0.077257 0 0.62313 0.24592 0 0.59787 0.51745 0
1.25 0.23099 0.010123 0 0.45701 0.083562 0 0.60879 0.26243 0 0.54611 0.52523 0
1.3 0.23092 0.010946 0 0.45472 0.090056 0 0.593 0.27855 0 0.49352 0.52669 0
1.35 0.23084 0.011802 0 0.45215 0.096725 0 0.57574 0.2941 0 0.44125 0.52148 0
1.4 0.23076 0.012689 0 0.44931 0.10355 0 0.55703 0.30887 0 0.39056 0.50947 0
1.45 0.23066 0.013608 0 0.44615 0.11052 0 0.5369 0.32268 0 0.34279 0.49082 0
1.5 0.23056 0.014557 0 0.44268 0.11762 0 0.5154 0.33531 0 0.29929 0.46599 0
1.55 0.23044 0.015539 0 0.43888 0.12482 0 0.49264 0.34654 0 0.26136 0.43578 0
1.6 0.23032 0.016551 0 0.43472 0.1321 0 0.46872 0.35619 0 0.23012 0.40132 0
1.65 0.23018 0.017594 0 0.43019 0.13944 0 0.44381 0.36405 0 0.20648 0.36405 0
1.7 0.23002 0.018667 0 0.42529 0.14681 0 0.4181 0.36993 0 0.19097 0.32566 0
1.75 0.22986 0.019771 0 0.41999 0.15418 0 0.39181 0.37368 0 0.18374 0.288 0
1.8 0.22967 0.020905 0 0.4143 0.16153 0 0.36518 0.37517 0 0.18441 0.25299 0
1.85 0.22948 0.022069 0 0.40818 0.16883 0 0.33852 0.37427 0 0.19212 0.22248 0
1.9 0.22926 0.023263 0 0.40165 0.17603 0 0.31211 0.37094 0 0.20548 0.19805 0
1.95 0.22903 0.024485 0 0.3947 0.18312 0 0.2863 0.36516 0 0.22265 0.18092 0
2 0.22878 0.025737 0 0.38732 0.19004 0 0.26144 0.35695 0 0.24148 0.17175 0
2.05 0.22851 0.027017 0 0.37951 0.19677 0 0.23786 0.3464 0 0.25963 0.17057 0
2.1 0.22822 0.028326 0 0.37128 0.20326 0 0.21591 0.33366 0 0.27479 0.17668 0
2.15 0.22791 0.029662 0 0.36263 0.20948 0 0.19593 0.31894 0 0.28493 0.18869 0
2.2 0.22758 0.031025 0 0.35358 0.21538 0 0.17823 0.30252 0 0.28851 0.20459 0
2.25 0.22723 0.032415 0 0.34413 0.22093 0 0.16307 0.28471 0 0.2847 0.22194 0
2.3 0.22685 0.033832 0 0.33431 0.22609 0 0.15066 0.26591 0 0.27353 0.2381 0
2.35 0.22644 0.035274 0 0.32413 0.23081 0 0.14115 0.24654 0 0.25592 0.25054 0
2.4 0.22602 0.036741 0 0.31363 0.23506 0 0.13464 0.22707 0 0.23367 0.25717 0
2.45 0.22556 0.038232 0 0.30282 0.2388 0 0.13111 0.20799 0 0.20923 0.25665 0
2.5 0.22507 0.039748 0 0.29175 0.24199 0 0.13046 0.18979 0 0.18543 0.24862 0
2.55 0.22456 0.041286 0 0.28046 0.2446 0 0.13251 0.17295 0 0.16511 0.2338 0
2.6 0.22402 0.042847 0 0.26898 0.24659 0 0.13697 0.15793 0 0.15063 0.21396 0
2.65 0.22345 0.044429 0 0.25737 0.24795 0 0.14347 0.14513 0 0.14356 0.19173 0
2.7 0.22284 0.046032 0 0.24567 0.24863 0 0.15153 0.13487 0 0.14428 0.17016 0
2.75 0.2222 0.047655 0 0.23394 0.24863 0 0.16064 0.12738 0 0.15192 0.15228 0
2.8 0.22153 0.049297 0 0.22223 0.24793 0 0.17021 0.1228 0 0.16442 0.14057 0
2.85 0.22082 0.050957 0 0.21062 0.24652 0 0.17965 0.12112 0 0.17881 0.13644 0
2.9 0.22008 0.052633 0 0.19915 0.24438 0 0.18834 0.12223 0 0.19175 0.13992 0
2.95 0.2193 0.054326 0 0.18791 0.24154 0 0.19573 0.12585 0 0.20015 0.14959 0
3 0.21848 0.056033 0 0.17695 0.23799 0 0.20128 0.1316 0 0.20181 0.1628 0
3.05 0.21762 0.057754 0 0.16634 0.23375 0 0.20459 0.13899 0 0.1959 0.17612 0
3.1 0.21672 0.059487 0 0.15616 0.22884 0 0.20536 0.14743 0 0.18326 0.18608 0
