-7.802503108978271484e-01 3.668308556079864502e-01 4.056987762451171875e-01 4.175872206687927246e-01 3.945101797580718994e-01 -2.542936801910400391e-01
1.060302481055259705e-01 -8.411543071269989014e-02 -3.416848480701446533e-01 -1.202170252799987793e-01 -2.039601840078830719e-02 -2.731672227382659912e-01
1.177090710032846340e-43 -1.808424890041351318e-01 1.559820189919843190e-23 3.380523025989532471e-01 -1.838407367467880249e-01 1.701401919126510620e-01
3.157167732715606689e-01 7.256100773811340332e-01 -6.160804033279418945e-01 1.777411997318267822e-02 6.134274229407310486e-02 1.953125000000000000e-01
4.056786000728607178e-01 3.557173609733581543e-01 9.410472959280014038e-02 1.271605193614959717e-01 -3.247450590133666992e-01 -2.176981978118419647e-02
-1.957143843173980713e-01 -7.317238441828521900e-07 3.497471809387207031e-01 -7.810207009315490723e-01 -5.712766647338867188e-01 8.295885920524597168e-01
6.862197816371917725e-02 3.184231221675872803e-01 -2.695254683494567871e-01 -9.766035526990890503e-02 -7.627326995134353638e-02 -1.819234788417816162e-01
2.655873000621795654e-01 -1.840357482433319092e-01 -3.669854998588562012e-01 1.859874576330184937e-01 -4.922114312648773193e-01 2.384109646081924438e-01
2.634043060243129730e-02 1.667292267084121704e-01 -7.851175032556056976e-03 9.959549456834793091e-02 -4.795924946665763855e-02 1.855520904064178467e-02
-5.199062931201033711e-30 9.675046801567077637e-02 6.376763922162353992e-04 1.285686641931533813e-01 3.501351773738861084e-01 -1.206312701106071472e-01
3.662685677409172058e-02 -1.184498309157788754e-03 -8.017827640207342057e-39 -9.986367076635360718e-03 -3.199133649468421936e-02 -1.427369192242622375e-02
2.472714483799272334e-15 -1.559656951576471329e-02 -1.809821464121341705e-02 -1.132730580866336823e-02 -3.141570463776588440e-02 -1.370644290000200272e-02
