8.713992834091186523e-01 -3.233008086681365967e-03 -1.229143701493740082e-02 5.403979301452636719e+00 -4.931152239441871643e-02 2.028978586196899414e+00 1.436180472373962402e+00 1.323229074478149414e+00 -3.154919296503067017e-02 2.523900747299194336e+00 -3.293020883575081825e-03 4.802403926849365234e+00
8.748424649238586426e-01 -3.269908949732780457e-03 -1.234914269298315048e-02 5.423500537872314453e+00 -4.949631169438362122e-02 2.034626483917236328e+00 1.443835735321044922e+00 1.324949741363525391e+00 -3.166601806879043579e-02 2.532521486282348633e+00 -3.291630651801824570e-03 4.818305492401123047e+00
8.782239556312561035e-01 -3.305832622572779655e-03 -1.240612100809812546e-02 5.442861080169677734e+00 -4.967909306287765503e-02 2.040270328521728516e+00 1.451349854469299316e+00 1.326737880706787109e+00 -3.178179636597633362e-02 2.541091680526733398e+00 -3.290329128503799438e-03 4.834085941314697266e+00
8.816179633140563965e-01 -3.342167707160115242e-03 -1.246441062539815903e-02 5.462723255157470703e+00 -4.986550286412239075e-02 2.046136379241943359e+00 1.458927154541015625e+00 1.328706264495849609e+00 -3.190163150429725647e-02 2.549822092056274414e+00 -3.289555432274937630e-03 4.850242137908935547e+00
8.850204348564147949e-01 -3.378852736204862595e-03 -1.252533402293920517e-02 5.483110904693603516e+00 -5.005481466650962830e-02 2.052186489105224609e+00 1.466613650321960449e+00 1.330553174018859863e+00 -3.202678263187408447e-02 2.558696031570434570e+00 -3.290016669780015945e-03 4.866966724395751953e+00
8.883435130119323730e-01 -3.413940081372857094e-03 -1.258556172251701355e-02 5.502666473388671875e+00 -5.023659765720367432e-02 2.057883501052856445e+00 1.474207282066345215e+00 1.331925153732299805e+00 -3.214583918452262878e-02 2.567308187484741211e+00 -3.289172193035483360e-03 4.883216381072998047e+00
8.916931152343750000e-01 -3.449062118306756020e-03 -1.264622062444686890e-02 5.522573471069335938e+00 -5.042127519845962524e-02 2.063734531402587891e+00 1.481823325157165527e+00 1.333441734313964844e+00 -3.226715326309204102e-02 2.576085329055786133e+00 -3.288570791482925415e-03 4.899750232696533203e+00
8.950634002685546875e-01 -3.484782995656132698e-03 -1.270774658769369125e-02 5.542593479156494141e+00 -5.060704052448272705e-02 2.069581985473632812e+00 1.489542007446289062e+00 1.334898710250854492e+00 -3.238903358578681946e-02 2.584929227828979492e+00 -3.287678351625800133e-03 4.916392803192138672e+00
8.983948826789855957e-01 -3.520231228321790695e-03 -1.276907045394182205e-02 5.562669277191162109e+00 -5.079302191734313965e-02 2.075514793395996094e+00 1.497163057327270508e+00 1.336481690406799316e+00 -3.251149877905845642e-02 2.593848228454589844e+00 -3.286788705736398697e-03 4.933111667633056641e+00
9.017106890678405762e-01 -3.557470394298434258e-03 -1.282704714685678482e-02 5.582314014434814453e+00 -5.097795277833938599e-02 2.081243276596069336e+00 1.504678010940551758e+00 1.338170886039733887e+00 -3.263308480381965637e-02 2.602813959121704102e+00 -3.283957252278923988e-03 4.949795246124267578e+00
9.051161408424377441e-01 -3.593725385144352913e-03 -1.288316026329994202e-02 5.602144718170166016e+00 -5.116502940654754639e-02 2.086908340454101562e+00 1.512233495712280273e+00 1.340126037597656250e+00 -3.275490552186965942e-02 2.611711740493774414e+00 -3.283994505181908607e-03 4.966486930847167969e+00
9.084540009498596191e-01 -3.625808050855994225e-03 -1.293618977069854736e-02 5.620985507965087891e+00 -5.134089663624763489e-02 2.091967582702636719e+00 1.519452452659606934e+00 1.341959595680236816e+00 -3.286871686577796936e-02 2.619925260543823242e+00 -3.286034800112247467e-03 4.982132911682128906e+00
9.118593931198120117e-01 -3.658775938674807549e-03 -1.299041137099266052e-02 5.639964103698730469e+00 -5.151834338903427124e-02 2.096955537796020508e+00 1.526888489723205566e+00 1.343661308288574219e+00 -3.298302739858627319e-02 2.628159046173095703e+00 -3.287664847448468208e-03 4.997873783111572266e+00
9.149005413055419922e-01 -3.687937743961811066e-03 -1.303952280431985855e-02 5.657223701477050781e+00 -5.167900398373603821e-02 2.101567029953002930e+00 1.533528447151184082e+00 1.345331668853759766e+00 -3.308691084384918213e-02 2.635696411132812500e+00 -3.289111191406846046e-03 5.012205123901367188e+00
9.180373549461364746e-01 -3.717988729476928711e-03 -1.309005264192819595e-02 5.675096035003662109e+00 -5.184536427259445190e-02 2.106388807296752930e+00 1.540334820747375488e+00 1.347125530242919922e+00 -3.319481387734413147e-02 2.643515348434448242e+00 -3.290786640718579292e-03 5.027062892913818359e+00
9.212979674339294434e-01 -3.749272786080837250e-03 -1.314220391213893890e-02 5.693333148956298828e+00 -5.201540514826774597e-02 2.111198186874389648e+00 1.547439932823181152e+00 1.348810434341430664e+00 -3.330446779727935791e-02 2.651449441909790039e+00 -3.292542882263660431e-03 5.042190074920654297e+00
9.247877597808837891e-01 -3.782898187637329102e-03 -1.319726556539535522e-02 5.712460041046142578e+00 -5.219405889511108398e-02 2.116106271743774414e+00 1.555027365684509277e+00 1.350430607795715332e+00 -3.341929614543914795e-02 2.659748792648315430e+00 -3.294585971161723137e-03 5.058052539825439453e+00
9.283464550971984863e-01 -3.817145247012376785e-03 -1.325339637696743011e-02 5.732079982757568359e+00 -5.237716436386108398e-02 2.121184349060058594e+00 1.562736153602600098e+00 1.352156519889831543e+00 -3.353727981448173523e-02 2.668276786804199219e+00 -3.296809969469904900e-03 5.074329853057861328e+00
9.319248199462890625e-01 -3.851643064990639687e-03 -1.330954674631357193e-02 5.751717090606689453e+00 -5.256025120615959167e-02 2.126212120056152344e+00 1.570472121238708496e+00 1.353870987892150879e+00 -3.365536779165267944e-02 2.676825523376464844e+00 -3.299105446785688400e-03 5.090627670288085938e+00
9.354984760284423828e-01 -3.886354388669133186e-03 -1.336776837706565857e-02 5.772193431854248047e+00 -5.274932831525802612e-02 2.131628990173339844e+00 1.578243374824523926e+00 1.355922102928161621e+00 -3.377914056181907654e-02 2.685891389846801758e+00 -3.300833981484174728e-03 5.107707977294921875e+00
9.387601017951965332e-01 -3.919751383364200592e-03 -1.343056559562683105e-02 5.793411731719970703e+00 -5.293749645352363586e-02 2.137316703796386719e+00 1.586044073104858398e+00 1.358215808868408203e+00 -3.390580415725708008e-02 2.695754289627075195e+00 -3.299261908978223801e-03 5.125562191009521484e+00
9.420295357704162598e-01 -3.953707870095968246e-03 -1.349367480725049973e-02 5.814603328704833984e+00 -5.312518030405044556e-02 2.142940521240234375e+00 1.593889713287353516e+00 1.360469460487365723e+00 -3.403268754482269287e-02 2.705637216567993164e+00 -3.297485411167144775e-03 5.143444061279296875e+00
9.451945424079895020e-01 -3.986109979450702667e-03 -1.355403009802103043e-02 5.835181713104248047e+00 -5.330543220043182373e-02 2.148181676864624023e+00 1.601453423500061035e+00 1.362646579742431641e+00 -3.415545448660850525e-02 2.715278863906860352e+00 -3.296262817457318306e-03 5.160811901092529297e+00
9.483093619346618652e-01 -4.016685765236616135e-03 -1.361178606748580933e-02 5.855339527130126953e+00 -5.348125845193862915e-02 2.153258085250854492e+00 1.608725190162658691e+00 1.364861965179443359e+00 -3.427512198686599731e-02 2.724669694900512695e+00 -3.295941511169075966e-03 5.177726745605468750e+00
9.514800906181335449e-01 -4.048247821629047394e-03 -1.367094740271568298e-02 5.876088619232177734e+00 -5.366253107786178589e-02 2.158521413803100586e+00 1.616142868995666504e+00 1.367180585861206055e+00 -3.439905494451522827e-02 2.734382867813110352e+00 -3.295396687462925911e-03 5.195229053497314453e+00
9.545788764953613281e-01 -4.080143291503190994e-03 -1.372943166643381119e-02 5.896679401397705078e+00 -5.384301021695137024e-02 2.163738727569580078e+00 1.623448371887207031e+00 1.369468688964843750e+00 -3.452342376112937927e-02 2.744130849838256836e+00 -3.294352907687425613e-03 5.212808609008789062e+00
9.576434493064880371e-01 -4.111531190574169159e-03 -1.378732547163963318e-02 5.917161941528320312e+00 -5.402250215411186218e-02 2.168984413146972656e+00 1.630647897720336914e+00 1.371811270713806152e+00 -3.464718163013458252e-02 2.753836870193481445e+00 -3.293449757620692253e-03 5.230294227600097656e+00
9.606793522834777832e-01 -4.142113029956817627e-03 -1.384468842297792435e-02 5.937467098236083984e+00 -5.420008674263954163e-02 2.174175739288330078e+00 1.637727737426757812e+00 1.374182462692260742e+00 -3.476957604289054871e-02 2.763489484786987305e+00 -3.292843932285904884e-03 5.247644424438476562e+00
9.637222886085510254e-01 -4.172625951468944550e-03 -1.390238944441080093e-02 5.957995414733886719e+00 -5.437960103154182434e-02 2.179499149322509766e+00 1.644804358482360840e+00 1.376662015914916992e+00 -3.489340841770172119e-02 2.773255825042724609e+00 -3.292310750111937523e-03 5.265182018280029297e+00
9.667459726333618164e-01 -4.202867858111858368e-03 -1.395993959158658981e-02 5.978466510772705078e+00 -5.455859005451202393e-02 2.184820652008056641e+00 1.651831030845642090e+00 1.379163265228271484e+00 -3.501698002219200134e-02 2.783001184463500977e+00 -3.291752189397811890e-03 5.282685279846191406e+00
9.697826504707336426e-01 -4.233190789818763733e-03 -1.401783805340528488e-02 5.999052047729492188e+00 -5.473861470818519592e-02 2.190188646316528320e+00 1.658893465995788574e+00 1.381690025329589844e+00 -3.514121845364570618e-02 2.792791128158569336e+00 -3.291150322183966637e-03 5.300275802612304688e+00
9.727730154991149902e-01 -4.262881819158792496e-03 -1.407480612397193909e-02 6.019465923309326172e+00 -5.491722002625465393e-02 2.195598125457763672e+00 1.665804624557495117e+00 1.384287118911743164e+00 -3.526467829942703247e-02 2.802498579025268555e+00 -3.290760330855846405e-03 5.317715644836425781e+00
9.757207036018371582e-01 -4.292107652872800827e-03 -1.413080096244812012e-02 6.039542675018310547e+00 -5.509281903505325317e-02 2.200892925262451172e+00 1.672618746757507324e+00 1.386834621429443359e+00 -3.538595512509346008e-02 2.812025785446166992e+00 -3.290490945801138878e-03 5.334839344024658203e+00
9.786601662635803223e-01 -4.320709500461816788e-03 -1.418570708483457565e-02 6.059863567352294922e+00 -5.527009814977645874e-02 2.206271171569824219e+00 1.679328918457031250e+00 1.389567136764526367e+00 -3.550852835178375244e-02 2.821560144424438477e+00 -3.291582455858588219e-03 5.351997852325439453e+00
9.814874529838562012e-01 -4.348156973719596863e-03 -1.423853449523448944e-02 6.079407215118408203e+00 -5.544063448905944824e-02 2.211451053619384766e+00 1.685788869857788086e+00 1.392197608947753906e+00 -3.562631085515022278e-02 2.830715179443359375e+00 -3.292581066489219666e-03 5.368481636047363281e+00
9.842978119850158691e-01 -4.375297110527753830e-03 -1.429106108844280243e-02 6.098925113677978516e+00 -5.561099946498870850e-02 2.216688394546508789e+00 1.692178845405578613e+00 1.394892215728759766e+00 -3.574411943554878235e-02 2.839865922927856445e+00 -3.293658606708049774e-03 5.384951114654541016e+00
9.871740341186523438e-01 -4.403379280120134354e-03 -1.434480119496583939e-02 6.118771076202392578e+00 -5.578427016735076904e-02 2.221936941146850586e+00 1.698759436607360840e+00 1.397542476654052734e+00 -3.586395457386970520e-02 2.849165439605712891e+00 -3.294551512226462364e-03 5.401712417602539062e+00
9.901501536369323730e-01 -4.432477056980133057e-03 -1.440041232854127884e-02 6.139297962188720703e+00 -5.596355721354484558e-02 2.227367639541625977e+00 1.705568671226501465e+00 1.400271654129028320e+00 -3.598798438906669617e-02 2.858779668807983398e+00 -3.295385278761386871e-03 5.419051647186279297e+00
9.932889342308044434e-01 -4.463360644876956940e-03 -1.445898413658142090e-02 6.160863399505615234e+00 -5.615189298987388611e-02 2.233019828796386719e+00 1.712763309478759766e+00 1.403083801269531250e+00 -3.611832857131958008e-02 2.868892431259155273e+00 -3.296241629868745804e-03 5.437289714813232422e+00
9.965142011642456055e-01 -4.495033528655767441e-03 -1.451941486448049545e-02 6.182970523834228516e+00 -5.634464323520660400e-02 2.238757133483886719e+00 1.720174789428710938e+00 1.405940532684326172e+00 -3.625176101922988892e-02 2.879269361495971680e+00 -3.296966664493083954e-03 5.455996036529541016e+00
9.993859529495239258e-01 -4.524318501353263855e-03 -1.457333192229270935e-02 6.202389240264892578e+00 -5.651394650340080261e-02 2.243605375289916992e+00 1.726877093315124512e+00 1.408232212066650391e+00 -3.636936470866203308e-02 2.888380765914916992e+00 -3.297136165201663971e-03 5.472470760345458984e+00
1.002178192138671875e+00 -4.552726168185472488e-03 -1.462589669972658157e-02 6.221401691436767578e+00 -5.667970702052116394e-02 2.248419046401977539e+00 1.733372807502746582e+00 1.410548925399780273e+00 -3.648475185036659241e-02 2.897306680679321289e+00 -3.297314047813415527e-03 5.488604068756103516e+00
1.004985213279724121e+00 -4.581219516694545746e-03 -1.467876974493265152e-02 6.240577220916748047e+00 -5.684692412614822388e-02 2.253313064575195312e+00 1.739889025688171387e+00 1.412922024726867676e+00 -3.660118952393531799e-02 2.906313180923461914e+00 -3.297547576949000359e-03 5.504877567291259766e+00
1.007742524147033691e+00 -4.609200637787580490e-03 -1.473080273717641830e-02 6.259432315826416016e+00 -5.701133608818054199e-02 2.258129358291625977e+00 1.746299862861633301e+00 1.415256500244140625e+00 -3.671563044190406799e-02 2.915162563323974609e+00 -3.297710325568914413e-03 5.520869731903076172e+00
1.010508894920349121e+00 -4.637186415493488312e-03 -1.478303037583827972e-02 6.278447151184082031e+00 -5.717717111110687256e-02 2.263044357299804688e+00 1.752703547477722168e+00 1.417670965194702148e+00 -3.683121502399444580e-02 2.924096345901489258e+00 -3.297955030575394630e-03 5.537003517150878906e+00
1.013347268104553223e+00 -4.666063468903303146e-03 -1.483658049255609512e-02 6.297857284545898438e+00 -5.734644457697868347e-02 2.268003225326538086e+00 1.759297013282775879e+00 1.420074939727783203e+00 -3.694915026426315308e-02 2.933212995529174805e+00 -3.298116149380803108e-03 5.553478240966796875e+00
1.016130089759826660e+00 -4.694472998380661011e-03 -1.488913409411907196e-02 6.316999912261962891e+00 -5.751336365938186646e-02 2.272943496704101562e+00 1.765761494636535645e+00 1.422490000724792480e+00 -3.706559911370277405e-02 2.942196846008300781e+00 -3.298127790912985802e-03 5.569704055786132812e+00
1.018827676773071289e+00 -4.722251091152429581e-03 -1.494012679904699326e-02 6.335542201995849609e+00 -5.767487362027168274e-02 2.277688264846801758e+00 1.772049784660339355e+00 1.424800038337707520e+00 -3.717842325568199158e-02 2.950907707214355469e+00 -3.298002760857343674e-03 5.585425853729248047e+00
1.021524429321289062e+00 -4.749923013150691986e-03 -1.499087736010551453e-02 6.354022502899169922e+00 -5.783585086464881897e-02 2.282395839691162109e+00 1.778355717658996582e+00 1.427043080329895020e+00 -3.729075193405151367e-02 2.959553003311157227e+00 -3.297912655398249626e-03 5.601068973541259766e+00
1.024358391761779785e+00 -4.778662230819463730e-03 -1.504358835518360138e-02 6.373488903045654297e+00 -5.800534412264823914e-02 2.287372350692749023e+00 1.785010933876037598e+00 1.429318308830261230e+00 -3.740898519754409790e-02 2.968561649322509766e+00 -3.298360388725996017e-03 5.617473125457763672e+00
1.027054071426391602e+00 -4.808310884982347488e-03 -1.509994734078645706e-02 6.393183231353759766e+00 -5.817432701587677002e-02 2.292390108108520508e+00 1.791809082031250000e+00 1.431730747222900391e+00 -3.752782940864562988e-02 2.977977514266967773e+00 -3.296505426988005638e-03 5.634253025054931641e+00
1.029757738113403320e+00 -4.838185850530862808e-03 -1.515711285173892975e-02 6.413219928741455078e+00 -5.834616348147392273e-02 2.297570466995239258e+00 1.798624992370605469e+00 1.434274673461914062e+00 -3.764899820089340210e-02 2.987600564956665039e+00 -3.294356167316436768e-03 5.651355266571044922e+00
1.032502055168151855e+00 -4.868464544415473938e-03 -1.521490886807441711e-02 6.433398723602294922e+00 -5.851909145712852478e-02 2.302696704864501953e+00 1.805547118186950684e+00 1.436755180358886719e+00 -3.777067735791206360e-02 2.997308015823364258e+00 -3.292323090136051178e-03 5.668593883514404297e+00
1.035225510597229004e+00 -4.898305516690015793e-03 -1.527219172567129135e-02 6.453521251678466797e+00 -5.869167298078536987e-02 2.307886362075805664e+00 1.812373161315917969e+00 1.439306735992431641e+00 -3.789217397570610046e-02 3.006991147994995117e+00 -3.290465101599693298e-03 5.685782909393310547e+00
1.037890553474426270e+00 -4.927395377308130264e-03 -1.532824523746967316e-02 6.473237037658691406e+00 -5.886084586381912231e-02 2.312996149063110352e+00 1.819045901298522949e+00 1.441827297210693359e+00 -3.801118209958076477e-02 3.016467809677124023e+00 -3.288637613877654076e-03 5.702611446380615234e+00
1.040531396865844727e+00 -4.956058226525783539e-03 -1.538376789540052414e-02 6.492887020111083984e+00 -5.902957171201705933e-02 2.318167924880981445e+00 1.825621724128723145e+00 1.444415807723999023e+00 -3.812994807958602905e-02 3.025913000106811523e+00 -3.286955645307898521e-03 5.719378471374511719e+00
1.043169617652893066e+00 -4.985019564628601074e-03 -1.543937996029853821e-02 6.512542247772216797e+00 -5.919814109802246094e-02 2.323297262191772461e+00 1.832206606864929199e+00 1.446980714797973633e+00 -3.824890032410621643e-02 3.035398721694946289e+00 -3.285260405391454697e-03 5.736191272735595703e+00
1.045806407928466797e+00 -5.014077760279178619e-03 -1.549498084932565689e-02 6.532224655151367188e+00 -5.936686322093009949e-02 2.328431606292724609e+00 1.838781714439392090e+00 1.449562311172485352e+00 -3.836816176772117615e-02 3.044920206069946289e+00 -3.283640369772911072e-03 5.753049373626708984e+00
1.048357009887695312e+00 -5.042387638241052628e-03 -1.554901339113712311e-02 6.551387310028076172e+00 -5.953107774257659912e-02 2.333467245101928711e+00 1.845143795013427734e+00 1.452112197875976562e+00 -3.848454728722572327e-02 3.054207086563110352e+00 -3.282054793089628220e-03 5.769480228424072266e+00
1.050675034523010254e+00 -5.068382713943719864e-03 -1.559847220778465271e-02 6.568989276885986328e+00 -5.968191474676132202e-02 2.338155269622802734e+00 1.850922226905822754e+00 1.454515933990478516e+00 -3.859191015362739563e-02 3.062762260437011719e+00 -3.280584933236241341e-03 5.784600734710693359e+00
1.052963256835937500e+00 -5.093701183795928955e-03 -1.564714685082435608e-02 6.586562156677246094e+00 -5.983269214630126953e-02 2.342978715896606445e+00 1.856534600257873535e+00 1.457073450088500977e+00 -3.869947418570518494e-02 3.071310281753540039e+00 -3.279365599155426025e-03 5.799693584442138672e+00
1.055268526077270508e+00 -5.119137465953826904e-03 -1.569614186882972717e-02 6.604303836822509766e+00 -5.998491123318672180e-02 2.347870826721191406e+00 1.862163186073303223e+00 1.459690332412719727e+00 -3.880819305777549744e-02 3.079946041107177734e+00 -3.278168151155114174e-03 5.814936161041259766e+00
1.057670593261718750e+00 -5.145729053765535355e-03 -1.574723236262798309e-02 6.622775554656982422e+00 -6.014329940080642700e-02 2.352938413619995117e+00 1.868037343025207520e+00 1.462397456169128418e+00 -3.892139717936515808e-02 3.088941574096679688e+00 -3.276872914284467697e-03 5.830812454223632812e+00
1.060546517372131348e+00 -5.179459229111671448e-03 -1.580870151519775391e-02 6.643661499023437500e+00 -6.032075732946395874e-02 2.357801198959350586e+00 1.875486493110656738e+00 1.464613914489746094e+00 -3.904751315712928772e-02 3.099120616912841797e+00 -3.273930866271257401e-03 5.848804950714111328e+00
1.063327193260192871e+00 -5.211172625422477722e-03 -1.586779765784740448e-02 6.664574146270751953e+00 -6.049879267811775208e-02 2.363077163696289062e+00 1.882380723953247070e+00 1.467306017875671387e+00 -3.917495533823966980e-02 3.109458208084106445e+00 -3.272733883932232857e-03 5.866936683654785156e+00
1.066064596176147461e+00 -5.241733044385910034e-03 -1.592591591179370880e-02 6.685613155364990234e+00 -6.067847087979316711e-02 2.368690729141235352e+00 1.889016032218933105e+00 1.470321655273437500e+00 -3.930383175611495972e-02 3.119870901107788086e+00 -3.272015601396560669e-03 5.885176181793212891e+00
1.068490147590637207e+00 -5.269261077046394348e-03 -1.597738824784755707e-02 6.703855991363525391e+00 -6.083372980356216431e-02 2.373287916183471680e+00 1.895013213157653809e+00 1.472683906555175781e+00 -3.941488265991210938e-02 3.128894090652465820e+00 -3.270951099693775177e-03 5.900987148284912109e+00
1.071116566658020020e+00 -5.299252923578023911e-03 -1.603328064084053040e-02 6.723711490631103516e+00 -6.100267916917800903e-02 2.378311634063720703e+00 1.901498198509216309e+00 1.475286006927490234e+00 -3.953601792454719543e-02 3.138742446899414062e+00 -3.269833512604236603e-03 5.918225765228271484e+00
1.073602437973022461e+00 -5.328369792550802231e-03 -1.608690805733203888e-02 6.742954730987548828e+00 -6.116600334644317627e-02 2.383223533630371094e+00 1.907580852508544922e+00 1.477936029434204102e+00 -3.965471684932708740e-02 3.148459911346435547e+00 -3.268935950472950935e-03 5.935129642486572266e+00
1.076178789138793945e+00 -5.358375143259763718e-03 -1.614235527813434601e-02 6.763117313385009766e+00 -6.133721396327018738e-02 2.388482570648193359e+00 1.913820862770080566e+00 1.480842590332031250e+00 -3.977951779961585999e-02 3.158662557601928711e+00 -3.268383909016847610e-03 5.952862262725830078e+00
1.078814268112182617e+00 -5.388844292610883713e-03 -1.619887165725231171e-02 6.783691406250000000e+00 -6.151204928755760193e-02 2.393854379653930664e+00 1.920194149017333984e+00 1.483824372291564941e+00 -3.990661352872848511e-02 3.169049501419067383e+00 -3.267792752012610435e-03 5.970919132232666016e+00
1.081559419631958008e+00 -5.420450586825609207e-03 -1.625778712332248688e-02 6.805336475372314453e+00 -6.169619038701057434e-02 2.399622440338134766e+00 1.926779270172119141e+00 1.487094402313232422e+00 -4.004057496786117554e-02 3.179986238479614258e+00 -3.267313353717327118e-03 5.989910125732421875e+00
1.084083676338195801e+00 -5.450879689306020737e-03 -1.631290465593338013e-02 6.826177120208740234e+00 -6.187175586819648743e-02 2.405258655548095703e+00 1.932772040367126465e+00 1.490569114685058594e+00 -4.017150774598121643e-02 3.190673112869262695e+00 -3.266528481617569923e-03 6.008308410644531250e+00
1.086411237716674805e+00 -5.479706916958093643e-03 -1.636429503560066223e-02 6.845787525177001953e+00 -6.203638762235641479e-02 2.410559654235839844e+00 1.938265800476074219e+00 1.493914842605590820e+00 -4.029557108879089355e-02 3.200870990753173828e+00 -3.266030689701437950e-03 6.025764942169189453e+00
1.088725209236145020e+00 -5.508534144610166550e-03 -1.641516573727130890e-02 6.864986896514892578e+00 -6.219643354415893555e-02 2.415545701980590820e+00 1.943727850914001465e+00 1.497074604034423828e+00 -4.041748121380805969e-02 3.210927724838256836e+00 -3.265451407060027122e-03 6.042977809906005859e+00
1.091056942939758301e+00 -5.537210032343864441e-03 -1.646549440920352936e-02 6.884191036224365234e+00 -6.235547736287117004e-02 2.420425415039062500e+00 1.949179530143737793e+00 1.500334739685058594e+00 -4.053857177495956421e-02 3.221032857894897461e+00 -3.265309613198041916e-03 6.060154914855957031e+00
1.093431353569030762e+00 -5.565682891756296158e-03 -1.651581004261970520e-02 6.903729915618896484e+00 -6.251685321331024170e-02 2.425419569015502930e+00 1.954637289047241211e+00 1.503837704658508301e+00 -4.066096246242523193e-02 3.231326818466186523e+00 -3.265682142227888107e-03 6.077555179595947266e+00
1.095844626426696777e+00 -5.594792775809764862e-03 -1.656704954802989960e-02 6.923612117767333984e+00 -6.268095225095748901e-02 2.430483579635620117e+00 1.960188269615173340e+00 1.507397413253784180e+00 -4.078564420342445374e-02 3.241824150085449219e+00 -3.266004612669348717e-03 6.095287799835205078e+00
1.098315596580505371e+00 -5.624464247375726700e-03 -1.661943644285202026e-02 6.944024562835693359e+00 -6.284955888986587524e-02 2.435725927352905273e+00 1.965838432312011719e+00 1.511085867881774902e+00 -4.091375321149826050e-02 3.252610445022583008e+00 -3.266496350988745689e-03 6.113504886627197266e+00
1.100713729858398438e+00 -5.653555970638990402e-03 -1.667011529207229614e-02 6.963546276092529297e+00 -6.301008164882659912e-02 2.440532445907592773e+00 1.971388101577758789e+00 1.514466166496276855e+00 -4.103599488735198975e-02 3.262944936752319336e+00 -3.266692394390702248e-03 6.130950450897216797e+00
1.103075742721557617e+00 -5.682267248630523682e-03 -1.672009937465190887e-02 6.982891559600830078e+00 -6.316915899515151978e-02 2.445328235626220703e+00 1.976821303367614746e+00 1.517854213714599609e+00 -4.115741699934005737e-02 3.273220777511596680e+00 -3.267089836299419403e-03 6.148277759552001953e+00
1.105419993400573730e+00 -5.710906349122524261e-03 -1.676986739039421082e-02 7.002209186553955078e+00 -6.332783401012420654e-02 2.450121641159057617e+00 1.982185482978820801e+00 1.521262049674987793e+00 -4.127899184823036194e-02 3.283533811569213867e+00 -3.267712891101837158e-03 6.165642261505126953e+00
1.107753396034240723e+00 -5.739308893680572510e-03 -1.681945472955703735e-02 7.021542072296142578e+00 -6.348684430122375488e-02 2.454988241195678711e+00 1.987497091293334961e+00 1.524724006652832031e+00 -4.140078276395797729e-02 3.293854951858520508e+00 -3.268469823524355888e-03 6.183020114898681641e+00
1.110097646713256836e+00 -5.767963360995054245e-03 -1.686926372349262238e-02 7.040874004364013672e+00 -6.364563107490539551e-02 2.459788560867309570e+00 1.992861628532409668e+00 1.528137922286987305e+00 -4.152246564626693726e-02 3.304178476333618164e+00 -3.269099164754152298e-03 6.200398921966552734e+00
1.112392187118530273e+00 -5.797022022306919098e-03 -1.691835932433605194e-02 7.059723377227783203e+00 -6.379934400320053101e-02 2.464240074157714844e+00 1.998204112052917480e+00 1.531340003013610840e+00 -4.164117202162742615e-02 3.314331293106079102e+00 -3.269403241574764252e-03 6.217422962188720703e+00
1.114707827568054199e+00 -5.826474167406558990e-03 -1.696812547743320465e-02 7.078985691070556641e+00 -6.395660340785980225e-02 2.468878030776977539e+00 2.003555536270141602e+00 1.534694790840148926e+00 -4.176284745335578918e-02 3.324745655059814453e+00 -3.269951557740569115e-03 6.234857082366943359e+00
1.117043852806091309e+00 -5.856661591678857803e-03 -1.701889745891094208e-02 7.098807334899902344e+00 -6.411855667829513550e-02 2.473742723464965820e+00 2.008934974670410156e+00 1.538239121437072754e+00 -4.188860952854156494e-02 3.335526704788208008e+00 -3.270605346187949181e-03 6.252860546112060547e+00
1.119435787200927734e+00 -5.888071376830339432e-03 -1.707143895328044891e-02 7.119494438171386719e+00 -6.428749114274978638e-02 2.478900671005249023e+00 2.014415025711059570e+00 1.542027831077575684e+00 -4.202057793736457825e-02 3.346850872039794922e+00 -3.271520370617508888e-03 6.271730422973632812e+00
1.121726274490356445e+00 -5.917764268815517426e-03 -1.712143234908580780e-02 7.139104366302490234e+00 -6.444773823022842407e-02 2.483766794204711914e+00 2.019669055938720703e+00 1.545578122138977051e+00 -4.214534536004066467e-02 3.357533216476440430e+00 -3.272289875894784927e-03 6.289567470550537109e+00
1.123995184898376465e+00 -5.947698839008808136e-03 -1.717175729572772980e-02 7.158883571624755859e+00 -6.460993736982345581e-02 2.488817214965820312e+00 2.024844884872436523e+00 1.549255728721618652e+00 -4.227198660373687744e-02 3.368379116058349609e+00 -3.272640286013484001e-03 6.307657718658447266e+00
1.126241803169250488e+00 -5.977489054203033447e-03 -1.722177863121032715e-02 7.178554058074951172e+00 -6.477130949497222900e-02 2.493865251541137695e+00 2.029974460601806641e+00 1.552932977676391602e+00 -4.239803180098533630e-02 3.379175424575805664e+00 -3.272916190326213837e-03 6.325657367706298828e+00
1.128529429435729980e+00 -6.006874144077301025e-03 -1.727268099784851074e-02 7.198558330535888672e+00 -6.493555754423141479e-02 2.498999118804931641e+00 2.035179853439331055e+00 1.556622266769409180e+00 -4.252523928880691528e-02 3.390082359313964844e+00 -3.273775102570652962e-03 6.343865871429443359e+00
1.130795836448669434e+00 -6.036468781530857086e-03 -1.732500828802585602e-02 7.218665599822998047e+00 -6.510107219219207764e-02 2.503995656967163086e+00 2.040457725524902344e+00 1.560150384902954102e+00 -4.265271127223968506e-02 3.400985956192016602e+00 -3.274969058111310005e-03 6.362147808074951172e+00
1.133061528205871582e+00 -6.065735127776861191e-03 -1.737762801349163055e-02 7.238868236541748047e+00 -6.526783108711242676e-02 2.509099960327148438e+00 2.045747280120849609e+00 1.563716650009155273e+00 -4.278060421347618103e-02 3.411892414093017578e+00 -3.275879193097352982e-03 6.380472660064697266e+00
1.135575890541076660e+00 -6.096951197832822800e-03 -1.743654534220695496e-02 7.261733055114746094e+00 -6.545835733413696289e-02 2.515280246734619141e+00 2.051548957824707031e+00 1.567941904067993164e+00 -4.292517527937889099e-02 3.424120187759399414e+00 -3.276674309745430946e-03 6.401110172271728516e+00
1.138015508651733398e+00 -6.126732099801301956e-03 -1.749305799603462219e-02 7.283538341522216797e+00 -6.564025580883026123e-02 2.521131515502929688e+00 2.057186841964721680e+00 1.571905374526977539e+00 -4.306260496377944946e-02 3.435699701309204102e+00 -3.277273382991552353e-03 6.420718193054199219e+00
1.140217900276184082e+00 -6.152488291263580322e-03 -1.754293963313102722e-02 7.303150653839111328e+00 -6.580465286970138550e-02 2.526617527008056641e+00 2.062136888504028320e+00 1.575647115707397461e+00 -4.318628087639808655e-02 3.446011781692504883e+00 -3.278199583292007446e-03 6.438241958618164062e+00
1.142542362213134766e+00 -6.179695483297109604e-03 -1.759553328156471252e-02 7.323734283447265625e+00 -6.597708165645599365e-02 2.532312154769897461e+00 2.067386627197265625e+00 1.579524993896484375e+00 -4.331595450639724731e-02 3.456814527511596680e+00 -3.279014956206083298e-03 6.456617832183837891e+00
1.144861936569213867e+00 -6.206893362104892731e-03 -1.764807663857936859e-02 7.344311714172363281e+00 -6.614942103624343872e-02 2.538010120391845703e+00 2.072623252868652344e+00 1.583409786224365234e+00 -4.344563558697700500e-02 3.467622280120849609e+00 -3.279843600466847420e-03 6.474996089935302734e+00
1.147150516510009766e+00 -6.233988329768180847e-03 -1.770008355379104614e-02 7.364594936370849609e+00 -6.631898134946823120e-02 2.543544054031372070e+00 2.077821493148803711e+00 1.587183475494384766e+00 -4.357346519827842712e-02 3.478297948837280273e+00 -3.280577249825000763e-03 6.493137836456298828e+00
1.149234652519226074e+00 -6.258098408579826355e-03 -1.774684526026248932e-02 7.384012699127197266e+00 -6.648169457912445068e-02 2.548661231994628906e+00 2.082587242126464844e+00 1.590857148170471191e+00 -4.369182512164115906e-02 3.488424062728881836e+00 -3.280769102275371552e-03 6.510498523712158203e+00
1.151341199874877930e+00 -6.281878799200057983e-03 -1.779350452125072479e-02 7.403864383697509766e+00 -6.664839386940002441e-02 2.553741693496704102e+00 2.087473392486572266e+00 1.594568490982055664e+00 -4.381008073687553406e-02 3.498646020889282227e+00 -3.280319273471832275e-03 6.528164386749267578e+00
1.153483510017395020e+00 -6.305620074272155762e-03 -1.784064806997776031e-02 7.423989295959472656e+00 -6.681789457798004150e-02 2.559145689010620117e+00 2.092328786849975586e+00 1.598488211631774902e+00 -4.393117874860763550e-02 3.509008169174194336e+00 -3.280371660366654396e-03 6.546048641204833984e+00
1.155637621879577637e+00 -6.329451221972703934e-03 -1.788793690502643585e-02 7.444075107574462891e+00 -6.698702275753021240e-02 2.564471006393432617e+00 2.097248315811157227e+00 1.602341890335083008e+00 -4.405163601040840149e-02 3.519314765930175781e+00 -3.280204720795154572e-03 6.563868045806884766e+00
1.157800197601318359e+00 -6.353405769914388657e-03 -1.793542876839637756e-02 7.464232921600341797e+00 -6.715671718120574951e-02 2.569810628890991211e+00 2.102194070816040039e+00 1.606205701828002930e+00 -4.417249187827110291e-02 3.529656887054443359e+00 -3.280014032498002052e-03 6.581745624542236328e+00
1.159953594207763672e+00 -6.377183832228183746e-03 -1.798258908092975616e-02 7.484167575836181641e+00 -6.732459366321563721e-02 2.575073003768920898e+00 2.107144832611083984e+00 1.609995841979980469e+00 -4.429182782769203186e-02 3.539851427078247070e+00 -3.279697615653276443e-03 6.599391460418701172e+00
1.162214279174804688e+00 -6.402699742466211319e-03 -1.803242228925228119e-02 7.504891395568847656e+00 -6.749837845563888550e-02 2.580104351043701172e+00 2.112571239471435547e+00 1.613627672195434570e+00 -4.441378638148307800e-02 3.550375699996948242e+00 -3.278181189671158791e-03 6.617704868316650391e+00
1.164469957351684570e+00 -6.428086198866367340e-03 -1.808213256299495697e-02 7.525615215301513672e+00 -6.767231971025466919e-02 2.585235595703125000e+00 2.117946624755859375e+00 1.617332339286804199e+00 -4.453619197010993958e-02 3.560907363891601562e+00 -3.276820993050932884e-03 6.636011123657226562e+00
1.166804194450378418e+00 -6.454207003116607666e-03 -1.813342235982418060e-02 7.546971321105957031e+00 -6.785167008638381958e-02 2.590541839599609375e+00 2.123502016067504883e+00 1.621151924133300781e+00 -4.466233029961585999e-02 3.571740150451660156e+00 -3.275408875197172165e-03 6.654853343963623047e+00
1.169070005416870117e+00 -6.479252595454454422e-03 -1.818294636905193329e-02 7.567705154418945312e+00 -6.802611052989959717e-02 2.595862150192260742e+00 2.128794670104980469e+00 1.624980926513671875e+00 -4.478567838668823242e-02 3.582268714904785156e+00 -3.274484537541866302e-03 6.673144817352294922e+00
1.171321868896484375e+00 -6.504049059003591537e-03 -1.823205500841140747e-02 7.588177204132080078e+00 -6.819832324981689453e-02 2.601079225540161133e+00 2.134063243865966797e+00 1.628736019134521484e+00 -4.490739852190017700e-02 3.592626810073852539e+00 -3.273358568549156189e-03 6.691180706024169922e+00
1.173613309860229492e+00 -6.529140751808881760e-03 -1.828192360699176788e-02 7.609053134918212891e+00 -6.837409734725952148e-02 2.606497526168823242e+00 2.139368295669555664e+00 1.632635593414306641e+00 -4.503198340535163879e-02 3.603209257125854492e+00 -3.272511065006256104e-03 6.709581851959228516e+00
1.176003813743591309e+00 -6.555072031915187836e-03 -1.833363436162471771e-02 7.630659580230712891e+00 -6.855613738298416138e-02 2.612098455429077148e+00 2.144897222518920898e+00 1.636651039123535156e+00 -4.516076296567916870e-02 3.614126920700073242e+00 -3.271626541391015053e-03 6.728594303131103516e+00
1.178470134735107422e+00 -6.581402383744716644e-03 -1.838659681379795074e-02 7.652680873870849609e+00 -6.874196231365203857e-02 2.617897272109985352e+00 2.150580406188964844e+00 1.640767812728881836e+00 -4.529235884547233582e-02 3.625197172164916992e+00 -3.270878922194242477e-03 6.747898578643798828e+00
1.180906653404235840e+00 -6.607298273593187332e-03 -1.843892224133014679e-02 7.674382686614990234e+00 -6.892511993646621704e-02 2.623773336410522461e+00 2.156163454055786133e+00 1.644920706748962402e+00 -4.542320966720581055e-02 3.636109113693237305e+00 -3.270585089921951294e-03 6.766900062561035156e+00
1.183371782302856445e+00 -6.633469834923744202e-03 -1.849188841879367828e-02 7.696273326873779297e+00 -6.910994648933410645e-02 2.629705667495727539e+00 2.161843299865722656e+00 1.649094581604003906e+00 -4.555496200919151306e-02 3.647080183029174805e+00 -3.270114306360483170e-03 6.786015987396240234e+00
1.185800671577453613e+00 -6.659240461885929108e-03 -1.854428276419639587e-02 7.718153476715087891e+00 -6.929499655961990356e-02 2.635877847671508789e+00 2.167327165603637695e+00 1.653455734252929688e+00 -4.568786919116973877e-02 3.658121585845947266e+00 -3.270219778642058372e-03 6.805169582366943359e+00
1.188304662704467773e+00 -6.685906555503606796e-03 -1.859844289720058441e-02 7.740768909454345703e+00 -6.948623806238174438e-02 2.642265796661376953e+00 2.172990083694458008e+00 1.657970070838928223e+00 -4.582529515027999878e-02 3.669539928436279297e+00 -3.270301502197980881e-03 6.824970722198486328e+00
1.190626263618469238e+00 -6.710072979331016541e-03 -1.864826679229736328e-02 7.761751174926757812e+00 -6.966435164213180542e-02 2.648486852645874023e+00 2.178097963333129883e+00 1.662341117858886719e+00 -4.595386236906051636e-02 3.680145740509033203e+00 -3.271057270467281342e-03 6.843321323394775391e+00
1.192952752113342285e+00 -6.734275259077548981e-03 -1.869814656674861908e-02 7.782680988311767578e+00 -6.984187662601470947e-02 2.654642581939697266e+00 2.183244228363037109e+00 1.666668415069580078e+00 -4.608192294836044312e-02 3.690693855285644531e+00 -3.271602094173431396e-03 6.861598968505859375e+00
1.195278167724609375e+00 -6.758392788469791412e-03 -1.874796859920024872e-02 7.803644180297851562e+00 -7.001975923776626587e-02 2.660877943038940430e+00 2.188349485397338867e+00 1.671056985855102539e+00 -4.621053487062454224e-02 3.701272010803222656e+00 -3.272319678217172623e-03 6.879911422729492188e+00
1.197608232498168945e+00 -6.782578770071268082e-03 -1.879786327481269836e-02 7.824564456939697266e+00 -7.019720226526260376e-02 2.667039155960083008e+00 2.193496465682983398e+00 1.675387620925903320e+00 -4.633860662579536438e-02 3.711810350418090820e+00 -3.272860310971736908e-03 6.898176670074462891e+00
1.200011134147644043e+00 -6.807690486311912537e-03 -1.884955726563930511e-02 7.846571445465087891e+00 -7.038383930921554565e-02 2.673693895339965820e+00 2.198670625686645508e+00 1.680115222930908203e+00 -4.647465422749519348e-02 3.723034143447875977e+00 -3.274201415479183197e-03 6.917523384094238281e+00
1.202380776405334473e+00 -6.832415238022804260e-03 -1.890063099563121796e-02 7.868707180023193359e+00 -7.057181000709533691e-02 2.680664539337158203e+00 2.203592538833618164e+00 1.685103178024291992e+00 -4.661313071846961975e-02 3.734456300735473633e+00 -3.276528324931859970e-03 6.937096118927001953e+00
1.204775094985961914e+00 -6.857567466795444489e-03 -1.895232871174812317e-02 7.890967845916748047e+00 -7.076058536767959595e-02 2.687526464462280273e+00 2.208647489547729492e+00 1.690013647079467773e+00 -4.675172641873359680e-02 3.745910644531250000e+00 -3.278455464169383049e-03 6.956761837005615234e+00
1.206900119781494141e+00 -6.880456581711769104e-03 -1.899840123951435089e-02 7.910734653472900391e+00 -7.092700898647308350e-02 2.693317413330078125e+00 2.213227748870849609e+00 1.694252014160156250e+00 -4.687418043613433838e-02 3.756114721298217773e+00 -3.279478754848241806e-03 6.974276542663574219e+00
1.208986997604370117e+00 -6.903154309839010239e-03 -1.904384978115558624e-02 7.930109500885009766e+00 -7.108993083238601685e-02 2.698874711990356445e+00 2.217799425125122070e+00 1.698325157165527344e+00 -4.699370265007019043e-02 3.766096830368041992e+00 -3.280051052570343018e-03 6.991435527801513672e+00
1.210994958877563477e+00 -6.925065536051988602e-03 -1.908754743635654449e-02 7.949192523956298828e+00 -7.125031203031539917e-02 2.704531192779541016e+00 2.222008228302001953e+00 1.702538728713989258e+00 -4.711299762129783630e-02 3.776093244552612305e+00 -3.281656652688980103e-03 7.008503437042236328e+00
1.212881088256835938e+00 -6.948480848222970963e-03 -1.912949793040752411e-02 7.968422412872314453e+00 -7.140989601612091064e-02 2.710261106491088867e+00 2.225852489471435547e+00 1.706998348236083984e+00 -4.723478108644485474e-02 3.786621570587158203e+00 -3.284919541329145432e-03 7.025970458984375000e+00
1.214749932289123535e+00 -6.972121540457010269e-03 -1.917120441794395447e-02 7.987746715545654297e+00 -7.157004624605178833e-02 2.716080665588378906e+00 2.229614496231079102e+00 1.711554288864135742e+00 -4.735763743519783020e-02 3.797285795211791992e+00 -3.288592910394072533e-03 7.043570518493652344e+00
1.216519117355346680e+00 -6.996900308877229691e-03 -1.921273022890090942e-02 8.007479667663574219e+00 -7.173229008913040161e-02 2.721917867660522461e+00 2.233160257339477539e+00 1.716300249099731445e+00 -4.748379066586494446e-02 3.808564901351928711e+00 -3.292601322755217552e-03 7.061897754669189453e+00
1.218286037445068359e+00 -7.021949626505374908e-03 -1.925447955727577209e-02 8.027401924133300781e+00 -7.189595699310302734e-02 2.727814912796020508e+00 2.236688852310180664e+00 1.721114158630371094e+00 -4.761130362749099731e-02 3.820002794265747070e+00 -3.296734998002648354e-03 7.080447673797607422e+00
1.220018386840820312e+00 -7.046587765216827393e-03 -1.929547451436519623e-02 8.047115325927734375e+00 -7.205796241760253906e-02 2.733736991882324219e+00 2.240088462829589844e+00 1.725954055786132812e+00 -4.773798957467079163e-02 3.831369638442993164e+00 -3.301148070022463799e-03 7.098839282989501953e+00
1.221823692321777344e+00 -7.072009146213531494e-03 -1.933802478015422821e-02 8.067115783691406250e+00 -7.222219556570053101e-02 2.739492416381835938e+00 2.243813991546630859e+00 1.730638504028320312e+00 -4.786498844623565674e-02 3.842755317687988281e+00 -3.304646350443363190e-03 7.117384433746337891e+00
1.223647832870483398e+00 -7.097820285707712173e-03 -1.938110589981079102e-02 8.087412834167480469e+00 -7.238881289958953857e-02 2.745340108871459961e+00 2.247568368911743164e+00 1.735407352447509766e+00 -4.799400269985198975e-02 3.854333162307739258e+00 -3.308267332613468170e-03 7.136226654052734375e+00
1.225527763366699219e+00 -7.124385796487331390e-03 -1.942547783255577087e-02 8.108228683471679688e+00 -7.255964726209640503e-02 2.751285791397094727e+00 2.251475095748901367e+00 1.740253448486328125e+00 -4.812600091099739075e-02 3.866178750991821289e+00 -3.311774460598826408e-03 7.155526638031005859e+00
1.227428793907165527e+00 -7.151295430958271027e-03 -1.947038806974887848e-02 8.129409790039062500e+00 -7.273354381322860718e-02 2.757406949996948242e+00 2.255377531051635742e+00 1.745244979858398438e+00 -4.826071485877037048e-02 3.878268480300903320e+00 -3.315596142783761024e-03 7.175192356109619141e+00
1.229339122772216797e+00 -7.178403437137603760e-03 -1.951555535197257996e-02 8.150631904602050781e+00 -7.290763407945632935e-02 2.763465642929077148e+00 2.259343147277832031e+00 1.750193834304809570e+00 -4.839535430073738098e-02 3.890363454818725586e+00 -3.319204784929752350e-03 7.194885730743408203e+00
1.231246948242187500e+00 -7.205480709671974182e-03 -1.956065930426120758e-02 8.171919822692871094e+00 -7.308232039213180542e-02 2.769606351852416992e+00 2.263261079788208008e+00 1.755209803581237793e+00 -4.853074997663497925e-02 3.902521848678588867e+00 -3.323045559227466583e-03 7.214658260345458984e+00
1.233162641525268555e+00 -7.232496980577707291e-03 -1.960618048906326294e-02 8.193264961242675781e+00 -7.325785607099533081e-02 2.775722026824951172e+00 2.267260074615478516e+00 1.760150194168090820e+00 -4.866563528776168823e-02 3.914621114730834961e+00 -3.326549660414457321e-03 7.234404087066650391e+00
1.235059261322021484e+00 -7.260319311171770096e-03 -1.965262182056903839e-02 8.215283393859863281e+00 -7.343865931034088135e-02 2.781967163085937500e+00 2.271250963211059570e+00 1.765204787254333496e+00 -4.880425333976745605e-02 3.927169561386108398e+00 -3.330204635858535767e-03 7.254842281341552734e+00
1.236901760101318359e+00 -7.287906017154455185e-03 -1.969824731349945068e-02 8.237292289733886719e+00 -7.361926138401031494e-02 2.788370847702026367e+00 2.275001049041748047e+00 1.770432233810424805e+00 -4.894405603408813477e-02 3.939848661422729492e+00 -3.334600478410720825e-03 7.275391101837158203e+00
1.238813042640686035e+00 -7.316142786294221878e-03 -1.974523812532424927e-02 8.259709358215332031e+00 -7.380328327417373657e-02 2.794814825057983398e+00 2.278959035873413086e+00 1.775674819946289062e+00 -4.908591508865356445e-02 3.952674150466918945e+00 -3.338672686368227005e-03 7.296248912811279297e+00
1.240627288818359375e+00 -7.343805860728025436e-03 -1.979061961174011230e-02 8.281663894653320312e+00 -7.398319244384765625e-02 2.801187038421630859e+00 2.282657623291015625e+00 1.780906200408935547e+00 -4.922555759549140930e-02 3.965372800827026367e+00 -3.343067364767193794e-03 7.316794872283935547e+00
1.242461681365966797e+00 -7.372079882770776749e-03 -1.983672939240932465e-02 8.304101943969726562e+00 -7.416690886020660400e-02 2.807723999023437500e+00 2.286367177963256836e+00 1.786293745040893555e+00 -4.936857894062995911e-02 3.978404283523559570e+00 -3.347755875438451767e-03 7.337838649749755859e+00
1.244305253028869629e+00 -7.400325965136289597e-03 -1.988301798701286316e-02 8.326691627502441406e+00 -7.435213029384613037e-02 2.814413309097290039e+00 2.290054082870483398e+00 1.791780233383178711e+00 -4.951287060976028442e-02 3.991523504257202148e+00 -3.352649509906768799e-03 7.359010696411132812e+00
1.246172904968261719e+00 -7.428720593452453613e-03 -1.992977969348430634e-02 8.349429130554199219e+00 -7.453870773315429688e-02 2.821156263351440430e+00 2.293803691864013672e+00 1.797291278839111328e+00 -4.965796321630477905e-02 4.004692554473876953e+00 -3.357450012117624283e-03 7.380284309387207031e+00
1.247970104217529297e+00 -7.456362713128328323e-03 -1.997500658035278320e-02 8.371385574340820312e+00 -7.471859455108642578e-02 2.827585935592651367e+00 2.297452688217163086e+00 1.802572250366210938e+00 -4.979784041643142700e-02 4.017423152923583984e+00 -3.361901966854929924e-03 7.400843143463134766e+00
1.249784350395202637e+00 -7.484298199415206909e-03 -2.002065815031528473e-02 8.393498420715332031e+00 -7.489968836307525635e-02 2.834018468856811523e+00 2.301161050796508789e+00 1.807861447334289551e+00 -4.993853345513343811e-02 4.030233383178710938e+00 -3.366261254996061325e-03 7.421540737152099609e+00
1.251399874687194824e+00 -7.516901940107345581e-03 -2.006936073303222656e-02 8.417591094970703125e+00 -7.509817928075790405e-02 2.841036558151245117e+00 2.304563760757446289e+00 1.813958287239074707e+00 -5.009255930781364441e-02 4.044822692871093750e+00 -3.369589103385806084e-03 7.444638252258300781e+00
1.252828240394592285e+00 -7.548184599727392197e-03 -2.011508122086524963e-02 8.440994262695312500e+00 -7.529173791408538818e-02 2.848268747329711914e+00 2.307344436645507812e+00 1.820271611213684082e+00 -5.024424940347671509e-02 4.059286117553710938e+00 -3.373863408342003822e-03 7.467293262481689453e+00
1.254229545593261719e+00 -7.579400204122066498e-03 -2.016044594347476959e-02 8.464284896850585938e+00 -7.548426091670989990e-02 2.855470180511474609e+00 2.310069799423217773e+00 1.826575636863708496e+00 -5.039532482624053955e-02 4.073720455169677734e+00 -3.378136316314339638e-03 7.489873409271240234e+00
1.255597591400146484e+00 -7.610766217112541199e-03 -2.020559273660182953e-02 8.487700462341308594e+00 -7.567775249481201172e-02 2.862769842147827148e+00 2.312673807144165039e+00 1.832993984222412109e+00 -5.054774135351181030e-02 4.088329792022705078e+00 -3.382737282663583755e-03 7.512656688690185547e+00
1.256982088088989258e+00 -7.642108015716075897e-03 -2.025088481605052948e-02 8.511046409606933594e+00 -7.587063312530517578e-02 2.869991779327392578e+00 2.315352678298950195e+00 1.839337587356567383e+00 -5.069933831691741943e-02 4.102844238281250000e+00 -3.387090750038623810e-03 7.535330772399902344e+00
1.258266687393188477e+00 -7.673479616641998291e-03 -2.029472216963768005e-02 8.533939361572265625e+00 -7.605875283479690552e-02 2.876917600631713867e+00 2.317853212356567383e+00 1.845589756965637207e+00 -5.084846913814544678e-02 4.117222785949707031e+00 -3.391473554074764252e-03 7.557706356048583984e+00
1.259537935256958008e+00 -7.704950403422117233e-03 -2.033839747309684753e-02 8.556740760803222656e+00 -7.624594867229461670e-02 2.883851051330566406e+00 2.320374011993408203e+00 1.851810216903686523e+00 -5.099744722247123718e-02 4.131513118743896484e+00 -3.395978361368179321e-03 7.579945564270019531e+00
1.260766744613647461e+00 -7.736705243587493896e-03 -2.038189768791198730e-02 8.579711914062500000e+00 -7.643454521894454956e-02 2.890986204147338867e+00 2.322773933410644531e+00 1.858173847198486328e+00 -5.114845186471939087e-02 4.145997047424316406e+00 -3.400997724384069443e-03 7.602404117584228516e+00
1.261979103088378906e+00 -7.768641691654920578e-03 -2.042537368834018707e-02 8.602740287780761719e+00 -7.662347704172134399e-02 2.898127555847167969e+00 2.325138807296752930e+00 1.864567041397094727e+00 -5.129994451999664307e-02 4.160561561584472656e+00 -3.406067611649632454e-03 7.624958992004394531e+00
1.263186812400817871e+00 -7.799187209457159042e-03 -2.046747878193855286e-02 8.624829292297363281e+00 -7.680487632751464844e-02 2.904946804046630859e+00 2.327530384063720703e+00 1.870633244514465332e+00 -5.144482478499412537e-02 4.174432277679443359e+00 -3.410722827538847923e-03 7.646507263183593750e+00
1.264370679855346680e+00 -7.829386740922927856e-03 -2.050903998315334320e-02 8.646757125854492188e+00 -7.698503136634826660e-02 2.911781072616577148e+00 2.329829931259155273e+00 1.876710653305053711e+00 -5.158898234367370605e-02 4.188240051269531250e+00 -3.415574086830019951e-03 7.667930126190185547e+00
1.265610456466674805e+00 -7.859946228563785553e-03 -2.055153809487819672e-02 8.668853759765625000e+00 -7.716660946607589722e-02 2.918569803237915039e+00 2.332328557968139648e+00 1.882722020149230957e+00 -5.173354595899581909e-02 4.202038764953613281e+00 -3.419993212446570396e-03 7.689417839050292969e+00
1.266870141029357910e+00 -7.890551351010799408e-03 -2.059433981776237488e-02 8.691044807434082031e+00 -7.734905183315277100e-02 2.925398588180541992e+00 2.334872007369995117e+00 1.888747215270996094e+00 -5.187860876321792603e-02 4.215859413146972656e+00 -3.424393245950341225e-03 7.710961341857910156e+00
1.268222808837890625e+00 -7.922043092548847198e-03 -2.063889242708683014e-02 8.713892936706542969e+00 -7.753706723451614380e-02 2.932361602783203125e+00 2.337650537490844727e+00 1.894857168197631836e+00 -5.202731862664222717e-02 4.229962348937988281e+00 -3.428662661463022232e-03 7.733033180236816406e+00
1.269558668136596680e+00 -7.954616099596023560e-03 -2.068432606756687164e-02 8.737493515014648438e+00 -7.773116976022720337e-02 2.939631223678588867e+00 2.340338706970214844e+00 1.901277780532836914e+00 -5.218160524964332581e-02 4.244667053222656250e+00 -3.433400532230734825e-03 7.755946636199951172e+00
1.270907998085021973e+00 -7.987767457962036133e-03 -2.073044329881668091e-02 8.761420249938964844e+00 -7.792781293392181396e-02 2.946962118148803711e+00 2.343080282211303711e+00 1.907766938209533691e+00 -5.233790352940559387e-02 4.259577751159667969e+00 -3.438082057982683182e-03 7.779179096221923828e+00
1.272245526313781738e+00 -8.021190762519836426e-03 -2.077672258019447327e-02 8.785596847534179688e+00 -7.812651246786117554e-02 2.954424381256103516e+00 2.345750808715820312e+00 1.914383172988891602e+00 -5.249622836709022522e-02 4.274710655212402344e+00 -3.443063236773014069e-03 7.802715778350830078e+00
1.273618340492248535e+00 -8.055697195231914520e-03 -2.082461118698120117e-02 8.810443878173828125e+00 -7.833062112331390381e-02 2.962002754211425781e+00 2.348546504974365234e+00 1.921105623245239258e+00 -5.265865102410316467e-02 4.290279388427734375e+00 -3.447839757427573204e-03 7.826947689056396484e+00
1.274981260299682617e+00 -8.090969175100326538e-03 -2.087311632931232452e-02 8.835828781127929688e+00 -7.853902131319046021e-02 2.969784975051879883e+00 2.351278066635131836e+00 1.928042411804199219e+00 -5.282504111528396606e-02 4.306281089782714844e+00 -3.452969947829842567e-03 7.851788997650146484e+00
1.276237487792968750e+00 -8.125849999487400055e-03 -2.092012204229831696e-02 8.860939025878906250e+00 -7.874494045972824097e-02 2.977591991424560547e+00 2.353686094284057617e+00 1.935067415237426758e+00 -5.299069359898567200e-02 4.322327613830566406e+00 -3.458658698946237564e-03 7.876554965972900391e+00
1.277408719062805176e+00 -8.160505443811416626e-03 -2.096598781645298004e-02 8.885640144348144531e+00 -7.894716411828994751e-02 2.985254049301147461e+00 2.355933904647827148e+00 1.942028403282165527e+00 -5.315399542450904846e-02 4.338239669799804688e+00 -3.464264562353491783e-03 7.901029109954833984e+00
1.278556823730468750e+00 -8.194794878363609314e-03 -2.101131342351436615e-02 8.910093307495117188e+00 -7.914738357067108154e-02 2.992865562438964844e+00 2.358124494552612305e+00 1.948945045471191406e+00 -5.331581085920333862e-02 4.354012489318847656e+00 -3.469866700470447540e-03 7.925274372100830078e+00
1.279486656188964844e+00 -8.229236118495464325e-03 -2.105410583317279816e-02 8.933773040771484375e+00 -7.933973520994186401e-02 3.000032186508178711e+00 2.359939813613891602e+00 1.955705642700195312e+00 -5.347308143973350525e-02 4.369666099548339844e+00 -3.475217381492257118e-03 7.949093341827392578e+00
1.280131578445434570e+00 -8.269125595688819885e-03 -2.109846845269203186e-02 8.960294723510742188e+00 -7.955292612314224243e-02 3.008026838302612305e+00 2.360964298248291016e+00 1.963712215423583984e+00 -5.365222692489624023e-02 4.388105869293212891e+00 -3.482480300590395927e-03 7.976593494415283203e+00
1.280744075775146484e+00 -8.306602947413921356e-03 -2.114015258848667145e-02 8.985013008117675781e+00 -7.975138723850250244e-02 3.015370845794677734e+00 2.362025976181030273e+00 1.971094608306884766e+00 -5.381868779659271240e-02 4.405245780944824219e+00 -3.488828195258975029e-03 8.002180099487304688e+00
1.281355619430541992e+00 -8.340240456163883209e-03 -2.117821946740150452e-02 9.007249832153320312e+00 -7.993028312921524048e-02 3.021969079971313477e+00 2.363159179687500000e+00 1.977673172950744629e+00 -5.396762117743492126e-02 4.420510768890380859e+00 -3.494111588224768639e-03 8.025016784667968750e+00
1.282059669494628906e+00 -8.375038392841815948e-03 -2.121827751398086548e-02 9.030181884765625000e+00 -8.011484146118164062e-02 3.028648614883422852e+00 2.364579916000366211e+00 1.984308004379272461e+00 -5.412020534276962280e-02 4.436076164245605469e+00 -3.499002195894718170e-03 8.048406600952148438e+00
1.282580018043518066e+00 -8.407723158597946167e-03 -2.125425823032855988e-02 9.051389694213867188e+00 -8.028477430343627930e-02 3.034818887710571289e+00 2.365583181381225586e+00 1.990577340126037598e+00 -5.426222085952758789e-02 4.450761318206787109e+00 -3.503869986161589622e-03 8.070292472839355469e+00
1.282955288887023926e+00 -8.442870341241359711e-03 -2.129093371331691742e-02 9.073874473571777344e+00 -8.046412467956542969e-02 3.041423082351684570e+00 2.366201877593994141e+00 1.997442722320556641e+00 -5.441423133015632629e-02 4.466716289520263672e+00 -3.509623697027564049e-03 8.093831062316894531e+00
1.283239126205444336e+00 -8.484301157295703888e-03 -2.133222296833992004e-02 9.099715232849121094e+00 -8.066902309656143188e-02 3.048851966857910156e+00 2.366672277450561523e+00 2.005389690399169922e+00 -5.458935722708702087e-02 4.485353469848632812e+00 -3.516090102493762970e-03 8.121139526367187500e+00
1.283437728881835938e+00 -8.528785780072212219e-03 -2.137657999992370605e-02 9.127178192138671875e+00 -8.088732510805130005e-02 3.056722402572631836e+00 2.367186546325683594e+00 2.013765096664428711e+00 -5.477505549788475037e-02 4.505256652832031250e+00 -3.521976061165332794e-03 8.150294303894042969e+00
1.283398628234863281e+00 -8.574646897614002228e-03 -2.141932398080825806e-02 9.154489517211914062e+00 -8.110257238149642944e-02 3.064277410507202148e+00 2.367313385009765625e+00 2.022165775299072266e+00 -5.496032536029815674e-02 4.525540351867675781e+00 -3.527617081999778748e-03 8.179726600646972656e+00
1.283368825912475586e+00 -8.620118722319602966e-03 -2.146185189485549927e-02 9.181709289550781250e+00 -8.131729066371917725e-02 3.071876764297485352e+00 2.367414236068725586e+00 2.030573368072509766e+00 -5.514517053961753845e-02 4.545742988586425781e+00 -3.533429699018597603e-03 8.209049224853515625e+00
1.283398032188415527e+00 -8.666747249662876129e-03 -2.150594815611839294e-02 9.209527969360351562e+00 -8.153732866048812866e-02 3.079642057418823242e+00 2.367656469345092773e+00 2.039108037948608398e+00 -5.533399432897567749e-02 4.566273689270019531e+00 -3.538727993145585060e-03 8.238948822021484375e+00
1.283256411552429199e+00 -8.715316653251647949e-03 -2.154987677931785583e-02 9.238126754760742188e+00 -8.176267147064208984e-02 3.087610483169555664e+00 2.367498397827148438e+00 2.048048257827758789e+00 -5.552925169467926025e-02 4.587758541107177734e+00 -3.544586012139916420e-03 8.270029067993164062e+00
1.283099174499511719e+00 -8.760860189795494080e-03 -2.159071341156959534e-02 9.264777183532714844e+00 -8.197237551212310791e-02 3.094962596893310547e+00 2.367332220077514648e+00 2.056360483169555664e+00 -5.571107193827629089e-02 4.607825279235839844e+00 -3.549902699887752533e-03 8.299032211303710938e+00
1.282985806465148926e+00 -8.806647732853889465e-03 -2.163230627775192261e-02 9.291734695434570312e+00 -8.218483626842498779e-02 3.102436542510986328e+00 2.367244720458984375e+00 2.064746856689453125e+00 -5.589484050869941711e-02 4.628030300140380859e+00 -3.555289702489972115e-03 8.328288078308105469e+00
1.282872438430786133e+00 -8.852051571011543274e-03 -2.167352661490440369e-02 9.318566322326660156e+00 -8.239628374576568604e-02 3.109882354736328125e+00 2.367111921310424805e+00 2.073122262954711914e+00 -5.607778578996658325e-02 4.648153781890869141e+00 -3.560726763680577278e-03 8.357420921325683594e+00
1.282843232154846191e+00 -8.897966705262660980e-03 -2.171583846211433411e-02 9.345747947692871094e+00 -8.261027187108993530e-02 3.117265701293945312e+00 2.367122173309326172e+00 2.081527948379516602e+00 -5.626293644309043884e-02 4.668427467346191406e+00 -3.565874416381120682e-03 8.386876106262207031e+00
1.282982349395751953e+00 -8.943839929997920990e-03 -2.175893820822238922e-02 9.373117446899414062e+00 -8.282481133937835693e-02 3.124382257461547852e+00 2.367125749588012695e+00 2.090018033981323242e+00 -5.645168200135231018e-02 4.688835144042968750e+00 -3.571005770936608315e-03 8.416755676269531250e+00
1.283158540725708008e+00 -8.987945504486560822e-03 -2.180081233382225037e-02 9.399360656738281250e+00 -8.303055912256240845e-02 3.131128787994384766e+00 2.367317199707031250e+00 2.098047018051147461e+00 -5.663175508379936218e-02 4.708272457122802734e+00 -3.575521986931562424e-03 8.445267677307128906e+00
1.283327937126159668e+00 -9.032563306391239166e-03 -2.184309624135494232e-02 9.425941467285156250e+00 -8.323895931243896484e-02 3.137987852096557617e+00 2.367462396621704102e+00 2.106211662292480469e+00 -5.681439861655235291e-02 4.727992057800292969e+00 -3.580201417207717896e-03 8.474179267883300781e+00
1.283534765243530273e+00 -9.077321738004684448e-03 -2.188596501946449280e-02 9.452681541442871094e+00 -8.344881236553192139e-02 3.144892930984497070e+00 2.367710351943969727e+00 2.114383220672607422e+00 -5.699779465794563293e-02 4.747735977172851562e+00 -3.584746969863772392e-03 8.503173828125000000e+00
1.283742666244506836e+00 -9.122570976614952087e-03 -2.192935720086097717e-02 9.479849815368652344e+00 -8.366215229034423828e-02 3.151979684829711914e+00 2.367897033691406250e+00 2.122741460800170898e+00 -5.718456953763961792e-02 4.767819881439208984e+00 -3.589557716622948647e-03 8.532662391662597656e+00
1.283992052078247070e+00 -9.166806004941463470e-03 -2.197229862213134766e-02 9.506496429443359375e+00 -8.387167751789093018e-02 3.158924341201782227e+00 2.368210315704345703e+00 2.130879640579223633e+00 -5.736721679568290710e-02 4.787402153015136719e+00 -3.594086272642016411e-03 8.561470985412597656e+00
1.284187436103820801e+00 -9.211678057909011841e-03 -2.201467938721179962e-02 9.533473968505859375e+00 -8.408354222774505615e-02 3.165871381759643555e+00 2.368381738662719727e+00 2.139137506484985352e+00 -5.755153670907020569e-02 4.807353019714355469e+00 -3.598854644224047661e-03 8.590732574462890625e+00
1.284260153770446777e+00 -9.254093281924724579e-03 -2.205360122025012970e-02 9.559057235717773438e+00 -8.428423106670379639e-02 3.172615528106689453e+00 2.368103742599487305e+00 2.147222995758056641e+00 -5.772836878895759583e-02 4.826598167419433594e+00 -3.604199504479765892e-03 8.618817329406738281e+00
1.284027218818664551e+00 -9.303231723606586456e-03 -2.209794893860816956e-02 9.587528228759765625e+00 -8.450268208980560303e-02 3.179713010787963867e+00 2.367762327194213867e+00 2.156268358230590820e+00 -5.792339146137237549e-02 4.848900318145751953e+00 -3.606376936659216881e-03 8.650644302368164062e+00
1.283299684524536133e+00 -9.356928057968616486e-03 -2.214455045759677887e-02 9.616785049438476562e+00 -8.472137153148651123e-02 3.186417102813720703e+00 2.367184400558471680e+00 2.165694236755371094e+00 -5.812218040227890015e-02 4.873088359832763672e+00 -3.603514051064848900e-03 8.684281349182128906e+00
1.282506585121154785e+00 -9.407374076545238495e-03 -2.218711562454700470e-02 9.644144058227539062e+00 -8.492531627416610718e-02 3.192742109298706055e+00 2.366304159164428711e+00 2.174692630767822266e+00 -5.830953642725944519e-02 4.896020889282226562e+00 -3.601210890337824821e-03 8.716040611267089844e+00
1.281693458557128906e+00 -9.457562118768692017e-03 -2.222920767962932587e-02 9.671417236328125000e+00 -8.512856066226959229e-02 3.199096441268920898e+00 2.365316152572631836e+00 2.183731079101562500e+00 -5.849682539701461792e-02 4.918958663940429688e+00 -3.599175484851002693e-03 8.747780799865722656e+00
1.280937790870666504e+00 -9.508026763796806335e-03 -2.227208949625492096e-02 9.698846817016601562e+00 -8.533312380313873291e-02 3.205436944961547852e+00 2.364529609680175781e+00 2.192705154418945312e+00 -5.868433415889739990e-02 4.941861152648925781e+00 -3.596951020881533623e-03 8.779531478881835938e+00
1.280171394348144531e+00 -9.558650664985179901e-03 -2.231500297784805298e-02 9.726384162902832031e+00 -8.553846180438995361e-02 3.211816787719726562e+00 2.363700628280639648e+00 2.201739072799682617e+00 -5.887277424335479736e-02 4.964879512786865234e+00 -3.594829002395272255e-03 8.811434745788574219e+00
1.279300928115844727e+00 -9.610536508262157440e-03 -2.235809713602066040e-02 9.754264831542968750e+00 -8.574543893337249756e-02 3.218162775039672852e+00 2.362734079360961914e+00 2.210918664932250977e+00 -5.906363204121589661e-02 4.988390445709228516e+00 -3.592315595597028732e-03 8.843902587890625000e+00
1.278354883193969727e+00 -9.664861485362052917e-03 -2.240291237831115723e-02 9.783340454101562500e+00 -8.596102893352508545e-02 3.224752187728881836e+00 2.361667633056640625e+00 2.220515012741088867e+00 -5.926279351115226746e-02 5.012989044189453125e+00 -3.589554689824581146e-03 8.877831459045410156e+00
1.277423620223999023e+00 -9.717970155179500580e-03 -2.244673669338226318e-02 9.811951637268066406e+00 -8.617351204156875610e-02 3.231349468231201172e+00 2.360512495040893555e+00 2.230039596557617188e+00 -5.945949256420135498e-02 5.037220001220703125e+00 -3.587248502299189568e-03 8.911266326904296875e+00
1.276576757431030273e+00 -9.771385230123996735e-03 -2.249175496399402618e-02 9.840898513793945312e+00 -8.638919889926910400e-02 3.238037824630737305e+00 2.359574556350708008e+00 2.239561796188354492e+00 -5.965775996446609497e-02 5.061487197875976562e+00 -3.584827296435832977e-03 8.944869995117187500e+00
1.275718927383422852e+00 -9.824888780713081360e-03 -2.253677509725093842e-02 9.869966506958007812e+00 -8.660573512315750122e-02 3.244773626327514648e+00 2.358585596084594727e+00 2.249132871627807617e+00 -5.985697731375694275e-02 5.085880279541015625e+00 -3.582713194191455841e-03 8.978652000427246094e+00
1.274937152862548828e+00 -9.877854026854038239e-03 -2.258209884166717529e-02 9.898918151855468750e+00 -8.682170510292053223e-02 3.251446008682250977e+00 2.357800245285034180e+00 2.258507966995239258e+00 -6.005436182022094727e-02 5.109975337982177734e+00 -3.580950666218996048e-03 9.012135505676269531e+00
1.274127483367919922e+00 -9.931027889251708984e-03 -2.262733690440654755e-02 9.927989959716796875e+00 -8.703844994306564331e-02 3.258169174194335938e+00 2.356923818588256836e+00 2.267970800399780273e+00 -6.025292724370956421e-02 5.134242057800292969e+00 -3.579323412850499153e-03 9.045829772949218750e+00
1.273433923721313477e+00 -9.983654133975505829e-03 -2.267329581081867218e-02 9.956821441650390625e+00 -8.725378662347793579e-02 3.264743804931640625e+00 2.356411457061767578e+00 2.277133226394653320e+00 -6.044808402657508850e-02 5.158055305480957031e+00 -3.577594878152012825e-03 9.078996658325195312e+00
1.272771835327148438e+00 -1.003631111234426498e-02 -2.271980792284011841e-02 9.986005783081054688e+00 -8.747231215238571167e-02 3.271428585052490234e+00 2.356004953384399414e+00 2.286269664764404297e+00 -6.064514070749282837e-02 5.181960105895996094e+00 -3.576549002900719643e-03 9.112431526184082031e+00
1.272176504135131836e+00 -1.008848194032907486e-02 -2.276704087853431702e-02 1.001512527465820312e+01 -8.769150823354721069e-02 3.278086423873901367e+00 2.355824470520019531e+00 2.295205354690551758e+00 -6.084105372428894043e-02 5.205573081970214844e+00 -3.575241891667246819e-03 9.145657539367675781e+00
1.271457672119140625e+00 -1.013864763081073761e-02 -2.281088382005691528e-02 1.004263401031494141e+01 -8.789727836847305298e-02 3.284229755401611328e+00 2.355403661727905273e+00 2.303716182708740234e+00 -6.102646514773368835e-02 5.228234291076660156e+00 -3.573730122298002243e-03 9.177353858947753906e+00
1.270769357681274414e+00 -1.018778979778289795e-02 -2.285357378423213959e-02 1.006966686248779297e+01 -8.809958398342132568e-02 3.290328741073608398e+00 2.354911565780639648e+00 2.312151670455932617e+00 -6.120917573571205139e-02 5.250458717346191406e+00 -3.573140129446983337e-03 9.208464622497558594e+00
1.270194768905639648e+00 -1.023671589791774750e-02 -2.289647608995437622e-02 1.009686279296875000e+01 -8.830390870571136475e-02 3.296579599380493164e+00 2.354484796524047852e+00 2.320678472518920898e+00 -6.139346584677696228e-02 5.272515296936035156e+00 -3.573974594473838806e-03 9.239512443542480469e+00
1.269673824310302734e+00 -1.028512232005596161e-02 -2.293955720961093903e-02 1.012393760681152344e+01 -8.850768208503723145e-02 3.302821397781372070e+00 2.354147195816040039e+00 2.329145669937133789e+00 -6.157724186778068542e-02 5.294361114501953125e+00 -3.574910340830683708e-03 9.270374298095703125e+00
1.269202232360839844e+00 -1.033378113061189651e-02 -2.298298850655555725e-02 1.015099143981933594e+01 -8.871082961559295654e-02 3.308968544006347656e+00 2.353990316390991211e+00 2.337547540664672852e+00 -6.176013872027397156e-02 5.316087722778320312e+00 -3.575573209673166275e-03 9.301058769226074219e+00
1.268712043762207031e+00 -1.038261409848928452e-02 -2.302639745175838470e-02 1.017815494537353516e+01 -8.891476690769195557e-02 3.315156459808349609e+00 2.353772163391113281e+00 2.346015691757202148e+00 -6.194403395056724548e-02 5.337951660156250000e+00 -3.576371353119611740e-03 9.331915855407714844e+00
1.268231630325317383e+00 -1.043154206126928329e-02 -2.306999079883098602e-02 1.020532417297363281e+01 -8.911872655153274536e-02 3.321313142776489258e+00 2.353609561920166016e+00 2.354452133178710938e+00 -6.212767586112022400e-02 5.359784126281738281e+00 -3.577004885300993919e-03 9.362740516662597656e+00
1.267718553543090820e+00 -1.048087794333696365e-02 -2.311365306377410889e-02 1.023270416259765625e+01 -8.932413160800933838e-02 3.327530145645141602e+00 2.353358030319213867e+00 2.362998723983764648e+00 -6.231307983398437500e-02 5.381865501403808594e+00 -3.577785799279808998e-03 9.393883705139160156e+00
1.267178177833557129e+00 -1.053077448159456253e-02 -2.315738238394260406e-02 1.026029491424560547e+01 -8.953034132719039917e-02 3.333735942840576172e+00 2.353058099746704102e+00 2.371629476547241211e+00 -6.249972805380821228e-02 5.404179573059082031e+00 -3.578549250960350037e-03 9.425278663635253906e+00
1.266630530357360840e+00 -1.058053690940141678e-02 -2.320084534585475922e-02 1.028780937194824219e+01 -8.973579108715057373e-02 3.339923381805419922e+00 2.352723121643066406e+00 2.380258560180664062e+00 -6.268594413995742798e-02 5.426463127136230469e+00 -3.579388372600078583e-03 9.456606864929199219e+00
1.266164541244506836e+00 -1.062890980392694473e-02 -2.324420399963855743e-02 1.031499958038330078e+01 -8.994003385305404663e-02 3.346230268478393555e+00 2.352433919906616211e+00 2.388821840286254883e+00 -6.287055462598800659e-02 5.448290824890136719e+00 -3.580235410481691360e-03 9.487443923950195312e+00
1.265912652015686035e+00 -1.067530643194913864e-02 -2.328889071941375732e-02 1.034250831604003906e+01 -9.014668315649032593e-02 3.352373361587524414e+00 2.352514982223510742e+00 2.397318601608276367e+00 -6.305397301912307739e-02 5.469818115234375000e+00 -3.581444267183542252e-03 9.518179893493652344e+00
1.265557169914245605e+00 -1.072348374873399734e-02 -2.333384007215499878e-02 1.037057495117187500e+01 -9.035353362560272217e-02 3.358298063278198242e+00 2.352363348007202148e+00 2.406200647354125977e+00 -6.324039399623870850e-02 5.492013931274414062e+00 -3.580661723390221596e-03 9.549584388732910156e+00
1.265221595764160156e+00 -1.077160611748695374e-02 -2.337891608476638794e-02 1.039857101440429688e+01 -9.055997431278228760e-02 3.364192247390747070e+00 2.352286100387573242e+00 2.415020704269409180e+00 -6.342609226703643799e-02 5.514099121093750000e+00 -3.579715732485055923e-03 9.580855369567871094e+00
1.264859199523925781e+00 -1.082042418420314789e-02 -2.342445403337478638e-02 1.042700958251953125e+01 -9.076957404613494873e-02 3.370195627212524414e+00 2.352127075195312500e+00 2.424023151397705078e+00 -6.361501663923263550e-02 5.536594390869140625e+00 -3.578924108296632767e-03 9.612683296203613281e+00
1.264508008956909180e+00 -1.086929254233837128e-02 -2.347010560333728790e-02 1.045539093017578125e+01 -9.097874164581298828e-02 3.376156330108642578e+00 2.352034568786621094e+00 2.432967901229858398e+00 -6.380327045917510986e-02 5.559005737304687500e+00 -3.577918512746691704e-03 9.644400596618652344e+00
1.263991951942443848e+00 -1.092125382274389267e-02 -2.351715229451656342e-02 1.048484325408935547e+01 -9.119483083486557007e-02 3.382122278213500977e+00 2.351815938949584961e+00 2.442227363586425781e+00 -6.399843841791152954e-02 5.582550525665283203e+00 -3.576285438612103462e-03 9.677582740783691406e+00
1.263481020927429199e+00 -1.097387261688709259e-02 -2.356521971523761749e-02 1.051495552062988281e+01 -9.141688048839569092e-02 3.388354063034057617e+00 2.351568460464477539e+00 2.451706886291503906e+00 -6.419850885868072510e-02 5.606594085693359375e+00 -3.575247246772050858e-03 9.711546897888183594e+00
1.262935161590576172e+00 -1.102670375257730484e-02 -2.361324243247509003e-02 1.054533290863037109e+01 -9.164081513881683350e-02 3.394692659378051758e+00 2.351170063018798828e+00 2.461355447769165039e+00 -6.440092623233795166e-02 5.630947113037109375e+00 -3.574608126655220985e-03 9.745919227600097656e+00
1.262372136116027832e+00 -1.107635255903005600e-02 -2.365792915225028992e-02 1.057400608062744141e+01 -9.185193479061126709e-02 3.400722026824951172e+00 2.350595235824584961e+00 2.470570564270019531e+00 -6.459271162748336792e-02 5.654077529907226562e+00 -3.574468195438385010e-03 9.778513908386230469e+00
1.261857271194458008e+00 -1.112505607306957245e-02 -2.370214648544788361e-02 1.060212898254394531e+01 -9.205927699804306030e-02 3.406635999679565430e+00 2.350146532058715820e+00 2.479554891586303711e+00 -6.478048861026763916e-02 5.676663398742675781e+00 -3.574140369892120361e-03 9.810382843017578125e+00
1.261436462402343750e+00 -1.117144804447889328e-02 -2.374514751136302948e-02 1.062929534912109375e+01 -9.226047247648239136e-02 3.412480592727661133e+00 2.349792718887329102e+00 2.488227605819702148e+00 -6.496200710535049438e-02 5.698323726654052734e+00 -3.574154572561383247e-03 9.841046333312988281e+00
1.261019468307495117e+00 -1.121846400201320648e-02 -2.378877997398376465e-02 1.065670776367187500e+01 -9.246344119310379028e-02 3.418339967727661133e+00 2.349505901336669922e+00 2.496937274932861328e+00 -6.514485925436019897e-02 5.720144271850585938e+00 -3.573891706764698029e-03 9.871943473815917969e+00
1.260565042495727539e+00 -1.126201823353767395e-02 -2.382963337004184723e-02 1.068201732635498047e+01 -9.265024960041046143e-02 3.423670053482055664e+00 2.349177837371826172e+00 2.504974603652954102e+00 -6.531307101249694824e-02 5.740653038024902344e+00 -3.572131507098674774e-03 9.900771141052246094e+00
1.260108113288879395e+00 -1.130660995841026306e-02 -2.387476712465286255e-02 1.070789909362792969e+01 -9.284119307994842529e-02 3.428951501846313477e+00 2.349199295043945312e+00 2.512928962707519531e+00 -6.548186391592025757e-02 5.762158393859863281e+00 -3.565442748367786407e-03 9.930639266967773438e+00
1.259633541107177734e+00 -1.135128922760486603e-02 -2.391987480223178864e-02 1.073388385772705078e+01 -9.303282201290130615e-02 3.434271335601806641e+00 2.349153518676757812e+00 2.520951509475708008e+00 -6.565155088901519775e-02 5.783801078796386719e+00 -3.558870172128081322e-03 9.960680961608886719e+00
1.259186267852783203e+00 -1.139578036963939667e-02 -2.396494522690773010e-02 1.075973510742187500e+01 -9.322361648082733154e-02 3.439559221267700195e+00 2.349185466766357422e+00 2.528895139694213867e+00 -6.582012772560119629e-02 5.805257797241210938e+00 -3.552283160388469696e-03 9.990490913391113281e+00
1.258730411529541016e+00 -1.144047267735004425e-02 -2.401016652584075928e-02 1.078570938110351562e+01 -9.341523796319961548e-02 3.444872140884399414e+00 2.349196910858154297e+00 2.536886215209960938e+00 -6.598957628011703491e-02 5.826834201812744141e+00 -3.545695682987570763e-03 1.002046012878417969e+01
1.258246183395385742e+00 -1.148789376020431519e-02 -2.405811659991741180e-02 1.081319332122802734e+01 -9.361781179904937744e-02 3.450433969497680664e+00 2.349235057830810547e+00 2.545310735702514648e+00 -6.616879999637603760e-02 5.849662780761718750e+00 -3.538538469001650810e-03 1.005218410491943359e+01
1.257853627204895020e+00 -1.153588015586137772e-02 -2.410724386572837830e-02 1.084019279479980469e+01 -9.381866455078125000e-02 3.455888271331787109e+00 2.349444627761840820e+00 2.553498983383178711e+00 -6.634592264890670776e-02 5.872124671936035156e+00 -3.531069960445165634e-03 1.008344268798828125e+01
1.257630825042724609e+00 -1.158764306455850601e-02 -2.416141889989376068e-02 1.086723899841308594e+01 -9.402500092983245850e-02 3.461448907852172852e+00 2.349911928176879883e+00 2.561603307723999023e+00 -6.652682274580001831e-02 5.894917964935302734e+00 -3.522825427353382111e-03 1.011515426635742188e+01
1.257412075996398926e+00 -1.163954939693212509e-02 -2.421565540134906769e-02 1.089427566528320312e+01 -9.423092752695083618e-02 3.466964244842529297e+00 2.350406408309936523e+00 2.569697141647338867e+00 -6.670764088630676270e-02 5.917689800262451172e+00 -3.514392534270882607e-03 1.014683818817138672e+01
1.257200002670288086e+00 -1.169139612466096878e-02 -2.426988258957862854e-02 1.092136573791503906e+01 -9.443712979555130005e-02 3.472525358200073242e+00 2.350848436355590820e+00 2.577859163284301758e+00 -6.688929349184036255e-02 5.940515518188476562e+00 -3.506154054775834084e-03 1.017860698699951172e+01
1.257042884826660156e+00 -1.174251735210418701e-02 -2.432407811284065247e-02 1.094820594787597656e+01 -9.464195370674133301e-02 3.478073835372924805e+00 2.351422786712646484e+00 2.585901260375976562e+00 -6.706910580396652222e-02 5.962934494018554688e+00 -3.497829660773277283e-03 1.020992183685302734e+01
1.257018208503723145e+00 -1.179258059710264206e-02 -2.437920495867729187e-02 1.097510528564453125e+01 -9.484858065843582153e-02 3.483788251876831055e+00 2.352247476577758789e+00 2.593883991241455078e+00 -6.724892556667327881e-02 5.984944343566894531e+00 -3.489381400868296623e-03 1.024093532562255859e+01
1.257019042968750000e+00 -1.184260565787553787e-02 -2.443454042077064514e-02 1.100203895568847656e+01 -9.505549073219299316e-02 3.489495038986206055e+00 2.353159427642822266e+00 2.601825952529907227e+00 -6.742851436138153076e-02 6.006887912750244141e+00 -3.480786224827170372e-03 1.027188777923583984e+01
1.256814241409301758e+00 -1.189802587032318115e-02 -2.449444681406021118e-02 1.103218460083007812e+01 -9.528689086437225342e-02 3.496119260787963867e+00 2.353244781494140625e+00 2.611218214035034180e+00 -6.763356924057006836e-02 6.032293319702148438e+00 -3.473081858828663826e-03 1.030743122100830078e+01
1.256605982780456543e+00 -1.195072103291749954e-02 -2.455131895840167999e-02 1.106092453002929688e+01 -9.550753980875015259e-02 3.502469301223754883e+00 2.353233575820922852e+00 2.620223760604858398e+00 -6.782945245504379272e-02 6.056583404541015625e+00 -3.466031746938824654e-03 1.034139442443847656e+01
1.256465673446655273e+00 -1.199865993112325668e-02 -2.460330165922641754e-02 1.108714103698730469e+01 -9.570858627557754517e-02 3.508179903030395508e+00 2.353374719619750977e+00 2.628349065780639648e+00 -6.800722330808639526e-02 6.078591346740722656e+00 -3.459059167653322220e-03 1.037221431732177734e+01
1.256361246109008789e+00 -1.204864494502544403e-02 -2.465753443539142609e-02 1.111445331573486328e+01 -9.591736644506454468e-02 3.513957738876342773e+00 2.353698492050170898e+00 2.636693477630615234e+00 -6.819108873605728149e-02 6.101386070251464844e+00 -3.450768301263451576e-03 1.040416240692138672e+01
1.256278514862060547e+00 -1.209920179098844528e-02 -2.471246384084224701e-02 1.114193630218505859e+01 -9.612730890512466431e-02 3.519699096679687500e+00 2.354179620742797852e+00 2.644997119903564453e+00 -6.837534159421920776e-02 6.124211311340332031e+00 -3.441990818828344345e-03 1.043618106842041016e+01
1.256129026412963867e+00 -1.214733812958002090e-02 -2.476391941308975220e-02 1.116786575317382812e+01 -9.632440656423568726e-02 3.524998426437377930e+00 2.354511260986328125e+00 2.652878999710083008e+00 -6.854908168315887451e-02 6.145982742309570312e+00 -3.433244535699486732e-03 1.046656131744384766e+01
1.255947351455688477e+00 -1.219155732542276382e-02 -2.481039054691791534e-02 1.119142532348632812e+01 -9.650217741727828979e-02 3.529621839523315430e+00 2.354822158813476562e+00 2.660020112991333008e+00 -6.870593130588531494e-02 6.165917396545410156e+00 -3.424470545724034309e-03 1.049419879913330078e+01
1.255787611007690430e+00 -1.223903149366378784e-02 -2.486130595207214355e-02 1.121690368652343750e+01 -9.669583290815353394e-02 3.534695625305175781e+00 2.355238914489746094e+00 2.667679548263549805e+00 -6.887561827898025513e-02 6.187403202056884766e+00 -3.414672799408435822e-03 1.052411556243896484e+01
1.255764722824096680e+00 -1.228640321642160416e-02 -2.491586469113826752e-02 1.124270725250244141e+01 -9.689684957265853882e-02 3.539971113204956055e+00 2.356156826019287109e+00 2.675072908401489258e+00 -6.904657930135726929e-02 6.208801269531250000e+00 -3.402739996090531349e-03 1.055438423156738281e+01
1.255703687667846680e+00 -1.233559101819992065e-02 -2.497218549251556396e-02 1.126938056945800781e+01 -9.710439294576644897e-02 3.545386075973510742e+00 2.357032299041748047e+00 2.682739019393920898e+00 -6.922350078821182251e-02 6.231040954589843750e+00 -3.390223020687699318e-03 1.058578968048095703e+01
1.255648851394653320e+00 -1.238470990210771561e-02 -2.502859942615032196e-02 1.129621505737304688e+01 -9.731347858905792236e-02 3.550904035568237305e+00 2.357830286026000977e+00 2.690504312515258789e+00 -6.940192729234695435e-02 6.253447532653808594e+00 -3.378095803782343864e-03 1.061743831634521484e+01
1.255645990371704102e+00 -1.243225298821926117e-02 -2.508363127708435059e-02 1.132233524322509766e+01 -9.751723706722259521e-02 3.556305170059204102e+00 2.358703374862670898e+00 2.698028802871704102e+00 -6.957533955574035645e-02 6.275118350982666016e+00 -3.366493154317140579e-03 1.064811038970947266e+01
1.255354642868041992e+00 -1.248553954064846039e-02 -2.514070272445678711e-02 1.135020446777343750e+01 -9.773317724466323853e-02 3.561508893966674805e+00 2.359201669692993164e+00 2.706045150756835938e+00 -6.975803524255752563e-02 6.299211502075195312e+00 -3.353332402184605598e-03 1.068159103393554688e+01
1.255013704299926758e+00 -1.253505889326334000e-02 -2.519853785634040833e-02 1.137804794311523438e+01 -9.794777631759643555e-02 3.566317796707153320e+00 2.359476089477539062e+00 2.713687658309936523e+00 -6.993946433067321777e-02 6.323093414306640625e+00 -3.342440351843833923e-03 1.071522617340087891e+01
1.254627466201782227e+00 -1.258557289838790894e-02 -2.525724656879901886e-02 1.140628910064697266e+01 -9.816521406173706055e-02 3.571146726608276367e+00 2.359692573547363281e+00 2.721450090408325195e+00 -7.012359797954559326e-02 6.347433090209960938e+00 -3.331126179546117783e-03 1.074945735931396484e+01
1.254245758056640625e+00 -1.263672765344381332e-02 -2.531664818525314331e-02 1.143476486206054688e+01 -9.838432073593139648e-02 3.575972557067871094e+00 2.359997510910034180e+00 2.729232072830200195e+00 -7.030884921550750732e-02 6.371912956237792969e+00 -3.319407813251018524e-03 1.078389549255371094e+01
1.253841161727905273e+00 -1.268818322569131851e-02 -2.537674084305763245e-02 1.146330451965332031e+01 -9.860473126173019409e-02 3.580887556076049805e+00 2.360298871994018555e+00 2.737079858779907227e+00 -7.049509137868881226e-02 6.396446228027343750e+00 -3.306774189695715904e-03 1.081845378875732422e+01
1.253402829170227051e+00 -1.274062879383563995e-02 -2.543790079653263092e-02 1.149192714691162109e+01 -9.882584214210510254e-02 3.585673093795776367e+00 2.360777854919433594e+00 2.744835615158081055e+00 -7.068088650703430176e-02 6.421040534973144531e+00 -3.292322391644120216e-03 1.085308361053466797e+01
1.252950191497802734e+00 -1.279350742697715759e-02 -2.549948543310165405e-02 1.152073097229003906e+01 -9.904832392930984497e-02 3.590474367141723633e+00 2.361254453659057617e+00 2.752640724182128906e+00 -7.086782157421112061e-02 6.445816040039062500e+00 -3.277650102972984314e-03 1.088795375823974609e+01
1.251990914344787598e+00 -1.285285223275423050e-02 -2.556583099067211151e-02 1.155155944824218750e+01 -9.928349405527114868e-02 3.594805717468261719e+00 2.361185073852539062e+00 2.760941743850708008e+00 -7.106649130582809448e-02 6.473686218261718750e+00 -3.258556360378861427e-03 1.092655277252197266e+01
1.250985026359558105e+00 -1.290968153625726700e-02 -2.562759816646575928e-02 1.158068370819091797e+01 -9.950757026672363281e-02 3.598794698715209961e+00 2.361050605773925781e+00 2.768649339675903320e+00 -7.125167548656463623e-02 6.500074386596679688e+00 -3.239159705117344856e-03 1.096307468414306641e+01
1.249970674514770508e+00 -1.296680886298418045e-02 -2.568935602903366089e-02 1.160989856719970703e+01 -9.973277151584625244e-02 3.602802038192749023e+00 2.360920667648315430e+00 2.776360511779785156e+00 -7.143701612949371338e-02 6.526516914367675781e+00 -3.219472477212548256e-03 1.099967861175537109e+01
1.249043822288513184e+00 -1.302182395011186600e-02 -2.574957348406314850e-02 1.163838958740234375e+01 -9.995315223932266235e-02 3.606724500656127930e+00 2.360934257507324219e+00 2.783742189407348633e+00 -7.161702215671539307e-02 6.552014350891113281e+00 -3.200642066076397896e-03 1.103516006469726562e+01
1.248317122459411621e+00 -1.306942943483591080e-02 -2.580196782946586609e-02 1.166297912597656250e+01 -1.001436337828636169e-01 3.610107898712158203e+00 2.361200332641601562e+00 2.790019989013671875e+00 -7.177142053842544556e-02 6.573757171630859375e+00 -3.183987457305192947e-03 1.106548881530761719e+01
1.247634768486022949e+00 -1.311496272683143616e-02 -2.585190720856189728e-02 1.168625354766845703e+01 -1.003237068653106689e-01 3.613219261169433594e+00 2.361611843109130859e+00 2.795871257781982422e+00 -7.191662490367889404e-02 6.594227313995361328e+00 -3.167544724419713020e-03 1.109404754638671875e+01
1.246693253517150879e+00 -1.316540408879518509e-02 -2.590569667518138885e-02 1.171136569976806641e+01 -1.005168110132217407e-01 3.616248369216918945e+00 2.361788272857666016e+00 2.802177906036376953e+00 -7.207288593053817749e-02 6.616856098175048828e+00 -3.148331772536039352e-03 1.112537670135498047e+01
1.245762109756469727e+00 -1.321523915976285934e-02 -2.595881558954715729e-02 1.173616695404052734e+01 -1.007074266672134399e-01 3.619239091873168945e+00 2.361955404281616211e+00 2.808414220809936523e+00 -7.222729921340942383e-02 6.639211177825927734e+00 -3.129300195723772049e-03 1.115632534027099609e+01
1.244799137115478516e+00 -1.326506584882736206e-02 -2.601176500320434570e-02 1.176093673706054688e+01 -1.008977368474006653e-01 3.622206449508666992e+00 2.362036705017089844e+00 2.814669132232666016e+00 -7.238174229860305786e-02 6.661644935607910156e+00 -3.110270714387297630e-03 1.118735027313232422e+01
1.243825912475585938e+00 -1.331492140889167786e-02 -2.606475353240966797e-02 1.178577232360839844e+01 -1.010885760188102722e-01 3.625200033187866211e+00 2.362066507339477539e+00 2.820965051651000977e+00 -7.253684103488922119e-02 6.684178352355957031e+00 -3.091330872848629951e-03 1.121850681304931641e+01
1.242873787879943848e+00 -1.336392387747764587e-02 -2.611680515110492706e-02 1.181013679504394531e+01 -1.012757346034049988e-01 3.628119230270385742e+00 2.362129449844360352e+00 2.827124357223510742e+00 -7.268881052732467651e-02 6.706262588500976562e+00 -3.072631545364856720e-03 1.124904346466064453e+01
1.241905689239501953e+00 -1.341352239251136780e-02 -2.616953104734420776e-02 1.183486270904541016e+01 -1.014657542109489441e-01 3.631106138229370117e+00 2.362148284912109375e+00 2.833399772644042969e+00 -7.284329086542129517e-02 6.728701591491699219e+00 -3.053847700357437134e-03 1.128007030487060547e+01
1.240970849990844727e+00 -1.346230972558259964e-02 -2.622152306139469147e-02 1.185923385620117188e+01 -1.016531065106391907e-01 3.634070634841918945e+00 2.362200498580932617e+00 2.839576959609985352e+00 -7.299553602933883667e-02 6.750768184661865234e+00 -3.035470377653837204e-03 1.131060028076171875e+01
1.240141749382019043e+00 -1.350903976708650589e-02 -2.627195604145526886e-02 1.188292121887207031e+01 -1.018357947468757629e-01 3.637120008468627930e+00 2.362302780151367188e+00 2.845615625381469727e+00 -7.314396649599075317e-02 6.772029876708984375e+00 -3.018445102497935295e-03 1.134011173248291016e+01
1.239279747009277344e+00 -1.356023736298084259e-02 -2.632750757038593292e-02 1.190890121459960938e+01 -1.020363718271255493e-01 3.640509843826293945e+00 2.362530469894409180e+00 2.852208852767944336e+00 -7.330649346113204956e-02 6.795243263244628906e+00 -2.999805379658937454e-03 1.137235355377197266e+01
1.238295793533325195e+00 -1.361424848437309265e-02 -2.638564817607402802e-02 1.193610000610351562e+01 -1.022461354732513428e-01 3.643964052200317383e+00 2.362645626068115234e+00 2.859121799468994141e+00 -7.347649335861206055e-02 6.819792747497558594e+00 -2.979766344651579857e-03 1.140634346008300781e+01
1.237244606018066406e+00 -1.366882026195526123e-02 -2.644429169595241547e-02 1.196336650848388672e+01 -1.024569198489189148e-01 3.647330760955810547e+00 2.362772464752197266e+00 2.865999937057495117e+00 -7.364581525325775146e-02 6.844522953033447266e+00 -2.958585275337100029e-03 1.144051551818847656e+01
1.236193537712097168e+00 -1.372337806969881058e-02 -2.650292962789535522e-02 1.199063301086425781e+01 -1.026676818728446960e-01 3.650696277618408203e+00 2.362898826599121094e+00 2.872877836227416992e+00 -7.381511479616165161e-02 6.869253158569335938e+00 -2.937413752079010010e-03 1.147468566894531250e+01
1.235131025314331055e+00 -1.377799920737743378e-02 -2.656164765357971191e-02 1.201798915863037109e+01 -1.028791964054107666e-01 3.654094457626342773e+00 2.362967252731323242e+00 2.879807233810424805e+00 -7.398527115583419800e-02 6.894108772277832031e+00 -2.916340949013829231e-03 1.150902652740478516e+01
1.234088897705078125e+00 -1.383178401738405228e-02 -2.661945484578609467e-02 1.204490089416503906e+01 -1.030872538685798645e-01 3.657427072525024414e+00 2.363059759140014648e+00 2.886611700057983398e+00 -7.415252178907394409e-02 6.918543338775634766e+00 -2.895535435527563095e-03 1.154278469085693359e+01
1.232993841171264648e+00 -1.388673763722181320e-02 -2.667845599353313446e-02 1.207246971130371094e+01 -1.033003702759742737e-01 3.660851001739501953e+00 2.363031864166259766e+00 2.893625736236572266e+00 -7.432432472705841064e-02 6.943687438964843750e+00 -2.874490339308977127e-03 1.157750606536865234e+01
1.231911659240722656e+00 -1.394189056009054184e-02 -2.673768065869808197e-02 1.210008049011230469e+01 -1.035137847065925598e-01 3.664261341094970703e+00 2.363080739974975586e+00 2.900615930557250977e+00 -7.449606060981750488e-02 6.968803882598876953e+00 -2.853232901543378830e-03 1.161219882965087891e+01
1.230812430381774902e+00 -1.399842463433742523e-02 -2.679941430687904358e-02 1.212869071960449219e+01 -1.037349551916122437e-01 3.667755842208862305e+00 2.363243341445922852e+00 2.907736063003540039e+00 -7.467226684093475342e-02 6.994619369506835938e+00 -2.831812249496579170e-03 1.164783668518066406e+01
1.229863405227661133e+00 -1.405371911823749542e-02 -2.686662785708904266e-02 1.215836048126220703e+01 -1.039653867483139038e-01 3.671338319778442383e+00 2.364538908004760742e+00 2.914129257202148438e+00 -7.484490424394607544e-02 7.020343780517578125e+00 -2.813089173287153244e-03 1.168320655822753906e+01
1.229271292686462402e+00 -1.410837098956108093e-02 -2.693705819547176361e-02 1.218886089324951172e+01 -1.042066290974617004e-01 3.675797224044799805e+00 2.366892576217651367e+00 2.920247077941894531e+00 -7.502238452434539795e-02 7.046065807342529297e+00 -2.797500230371952057e-03 1.171895122528076172e+01
1.228721261024475098e+00 -1.416166499257087708e-02 -2.700566500425338745e-02 1.221851921081542969e+01 -1.044414788484573364e-01 3.680136919021606445e+00 2.369274616241455078e+00 2.926159620285034180e+00 -7.519486546516418457e-02 7.070967674255371094e+00 -2.782183000817894936e-03 1.175362110137939453e+01
1.228190422058105469e+00 -1.421427726745605469e-02 -2.707346342504024506e-02 1.224779605865478516e+01 -1.046735718846321106e-01 3.684431791305541992e+00 2.371669769287109375e+00 2.931967496871948242e+00 -7.536510378122329712e-02 7.095490455627441406e+00 -2.767054131254553795e-03 1.178780651092529297e+01
1.227649450302124023e+00 -1.426711957901716232e-02 -2.714163996279239655e-02 1.227724742889404297e+01 -1.049070134758949280e-01 3.688757658004760742e+00 2.374052286148071289e+00 2.937816381454467773e+00 -7.553638517856597900e-02 7.120186805725097656e+00 -2.751931082457304001e-03 1.182222270965576172e+01
1.227463483810424805e+00 -1.431690901517868042e-02 -2.720790728926658630e-02 1.230614948272705078e+01 -1.051382794976234436e-01 3.691913843154907227e+00 2.375782251358032227e+00 2.943025350570678711e+00 -7.570356130599975586e-02 7.144232749938964844e+00 -2.738664392381906509e-03 1.185646915435791016e+01
1.227069377899169922e+00 -1.436695270240306854e-02 -2.727174386382102966e-02 1.233298301696777344e+01 -1.053539067506790161e-01 3.694128990173339844e+00 2.377322912216186523e+00 2.947595357894897461e+00 -7.585646212100982666e-02 7.166979312896728516e+00 -2.721321769058704376e-03 1.188873100280761719e+01
1.226735591888427734e+00 -1.441406924277544022e-02 -2.733172290027141571e-02 1.235816574096679688e+01 -1.055564209818840027e-01 3.696251153945922852e+00 2.378879547119140625e+00 2.951880693435668945e+00 -7.600005716085433960e-02 7.188176155090332031e+00 -2.704925835132598877e-03 1.191886425018310547e+01
1.226414561271667480e+00 -1.446068007498979568e-02 -2.739293314516544342e-02 1.238341140747070312e+01 -1.057600453495979309e-01 3.698477268218994141e+00 2.380542755126953125e+00 2.956135988235473633e+00 -7.614479213953018188e-02 7.209280014038085938e+00 -2.688480773940682411e-03 1.194901657104492188e+01
1.226111769676208496e+00 -1.450723409652709961e-02 -2.745592780411243439e-02 1.240875434875488281e+01 -1.059652790427207947e-01 3.700766324996948242e+00 2.382435560226440430e+00 2.960309267044067383e+00 -7.629077881574630737e-02 7.230227470397949219e+00 -2.671350492164492607e-03 1.197916507720947266e+01
