-7.035998106002807617e-01 5.075855851173400879e-01 3.223415091633796692e-02 3.823243975639343262e-01 1.160789579153060913e-01 9.071433916687965393e-03
1.428487598896026611e-01 -4.046780467033386230e-01 -7.707647234201431274e-02 -2.463037148118019104e-02 -1.516980584710836411e-02 5.465428810566663742e-03
1.485209073871374130e-02 1.485881739685744715e-16 3.082856621514597556e-44 -1.024563331156969070e-03 -8.067104965448379517e-03 -1.273744739592075348e-03
-8.710970729589462280e-02 6.255864351987838745e-02 -8.107912914583391572e-42 -4.582574963569641113e-01 -3.591001033782958984e-01 8.181998729705810547e-01
-1.535992044955492020e-02 2.028262691238296120e-27 1.177090710032846340e-43 9.460325818508863449e-04 -1.859821379184722900e-02 -6.260153837502002716e-03
2.086365073919296265e-01 3.662315905094146729e-01 -4.329142272472381592e-01 3.979878127574920654e-02 2.269247025251388550e-01 7.767315208911895752e-02
3.899861574172973633e-01 3.836973309516906738e-01 6.807937622070312500e-01 -3.170677423477172852e-01 5.444352626800537109e-01 1.016405224800109863e-01
5.271437168121337891e-01 -3.592453300952911377e-01 5.077449679374694824e-01 4.642637372016906738e-01 5.423862338066101074e-01 -7.539328187704086304e-02
-3.012791698298356702e-43 2.893557548522949219e-01 3.593763944743054439e-14 1.043512299656867981e-01 -8.441506884992122650e-03 -1.341359689831733704e-02
9.099460945967426117e-37 2.756012380123138428e-01 2.890404760837554932e-01 -9.183399379253387451e-02 -3.848671913146972656e-01 -4.676582217216491699e-01
1.840523109284456650e-31 -5.962230637669563293e-02 -6.586102782326640233e-44 -2.798154950141906738e-01 1.563995778560638428e-01 1.743005961179733276e-02
-5.431775748729705811e-02 3.033861704170703888e-02 -2.779776602983474731e-02 4.774461984634399414e-01 -2.050695270299911499e-01 -2.983992397785186768e-01
