1.915294528007507324e+00 -3.533875860739499331e-04 2.629201173782348633e+00 1.176334977149963379e+00 -6.816956400871276855e-02 5.076148986816406250e+00 1.311543703079223633e+00 1.136363744735717773e+00 7.846820354461669922e-01 2.728780508041381836e-01 -7.250069081783294678e-02 -6.974752247333526611e-02
1.914489150047302246e+00 -3.972446720581501722e-04 2.629169225692749023e+00 1.182395100593566895e+00 -6.851109117269515991e-02 5.108716487884521484e+00 1.316626548767089844e+00 1.144962787628173828e+00 7.732263803482055664e-01 2.646152377128601074e-01 -7.281420379877090454e-02 -7.001347094774246216e-02
1.913694262504577637e+00 -4.405057406984269619e-04 2.629160404205322266e+00 1.188381433486938477e+00 -6.885266304016113281e-02 5.141321659088134766e+00 1.321691870689392090e+00 1.153570175170898438e+00 7.617279291152954102e-01 2.563871741294860840e-01 -7.312715053558349609e-02 -7.027907669544219971e-02
1.912898898124694824e+00 -4.837667802348732948e-04 2.629152536392211914e+00 1.194368243217468262e+00 -6.919424235820770264e-02 5.173925876617431641e+00 1.326757431030273438e+00 1.162177443504333496e+00 7.502291798591613770e-01 2.481593638658523560e-01 -7.344011217355728149e-02 -7.054469734430313110e-02
1.912093520164489746e+00 -5.276262527331709862e-04 2.629120349884033203e+00 1.200428605079650879e+00 -6.953577697277069092e-02 5.206495285034179688e+00 1.331840395927429199e+00 1.170777082443237305e+00 7.387732267379760742e-01 2.398960143327713013e-01 -7.375364005565643311e-02 -7.081066071987152100e-02
1.911305069923400879e+00 -5.705392104573547840e-04 2.629100322723388672e+00 1.206362128257751465e+00 -6.987222284078598022e-02 5.238594532012939453e+00 1.336838603019714355e+00 1.179251551628112793e+00 7.274672985076904297e-01 2.317735105752944946e-01 -7.406219094991683960e-02 -7.107245922088623047e-02
1.910499691963195801e+00 -6.143962964415550232e-04 2.629067897796630859e+00 1.212422251701354980e+00 -7.021375745534896851e-02 5.271163463592529297e+00 1.341921567916870117e+00 1.187850713729858398e+00 7.160115838050842285e-01 2.235107570886611938e-01 -7.437569648027420044e-02 -7.133841514587402344e-02
1.909704446792602539e+00 -6.576573941856622696e-04 2.629059791564941406e+00 1.218408823013305664e+00 -7.055532932281494141e-02 5.303768157958984375e+00 1.346987009048461914e+00 1.196458101272583008e+00 7.045128941535949707e-01 2.152825146913528442e-01 -7.468865066766738892e-02 -7.160402834415435791e-02
1.908898830413818359e+00 -7.015180308371782303e-04 2.629027843475341797e+00 1.224468827247619629e+00 -7.089687138795852661e-02 5.336338520050048828e+00 1.352070212364196777e+00 1.205057859420776367e+00 6.930562257766723633e-01 2.070191055536270142e-01 -7.500217854976654053e-02 -7.186999171972274780e-02
1.908104181289672852e+00 -7.447802927345037460e-04 2.629019498825073242e+00 1.230455756187438965e+00 -7.123844325542449951e-02 5.368941783905029297e+00 1.357135534286499023e+00 1.213665008544921875e+00 6.815582513809204102e-01 1.987910419702529907e-01 -7.531512528657913208e-02 -7.213559746742248535e-02
1.907298326492309570e+00 -7.886373787187039852e-04 2.628987073898315430e+00 1.236515879631042480e+00 -7.157996296882629395e-02 5.401509761810302734e+00 1.362218379974365234e+00 1.222264051437377930e+00 6.701025366783142090e-01 1.905278712511062622e-01 -7.562863826751708984e-02 -7.240155339241027832e-02
1.906503558158874512e+00 -8.318996406160295010e-04 2.628979206085205078e+00 1.242502689361572266e+00 -7.192154973745346069e-02 5.434115409851074219e+00 1.367283821105957031e+00 1.230871558189392090e+00 6.586033105850219727e-01 1.822998076677322388e-01 -7.594160735607147217e-02 -7.266716659069061279e-02
1.905708432197570801e+00 -8.751618443056941032e-04 2.628970384597778320e+00 1.248489260673522949e+00 -7.226311415433883667e-02 5.466719150543212891e+00 1.372349262237548828e+00 1.239478826522827148e+00 6.471050977706909180e-01 1.740720421075820923e-01 -7.625455409288406372e-02 -7.293277233839035034e-02
1.904902815818786621e+00 -9.190225391648709774e-04 2.628938436508178711e+00 1.254549384117126465e+00 -7.260464131832122803e-02 5.499288082122802734e+00 1.377432107925415039e+00 1.248078107833862305e+00 6.356490850448608398e-01 1.658087521791458130e-01 -7.656805962324142456e-02 -7.319872826337814331e-02
1.904268622398376465e+00 -9.643995435908436775e-04 2.629127979278564453e+00 1.260304093360900879e+00 -7.293971627950668335e-02 5.531222820281982422e+00 1.382515907287597656e+00 1.256548643112182617e+00 6.245259642601013184e-01 1.578455120325088501e-01 -7.687646150588989258e-02 -7.345998287200927734e-02
1.903789162635803223e+00 -1.013488741591572762e-03 2.629539489746093750e+00 1.265986680984497070e+00 -7.327833771705627441e-02 5.563441753387451172e+00 1.387780189514160156e+00 1.265138864517211914e+00 6.134573221206665039e-01 1.499189883470535278e-01 -7.718964666128158569e-02 -7.372474670410156250e-02
1.903312325477600098e+00 -1.061841263435781002e-03 2.629963874816894531e+00 1.271604537963867188e+00 -7.361706346273422241e-02 5.595704555511474609e+00 1.393021702766418457e+00 1.273736715316772461e+00 6.023365259170532227e-01 1.420198231935501099e-01 -7.750226557254791260e-02 -7.398919761180877686e-02
1.902832984924316406e+00 -1.110928016714751720e-03 2.630375385284423828e+00 1.277286410331726074e+00 -7.395567744970321655e-02 5.627922534942626953e+00 1.398285508155822754e+00 1.282326936721801758e+00 5.912674665451049805e-01 1.340934783220291138e-01 -7.781542837619781494e-02 -7.425396144390106201e-02
1.902355909347534180e+00 -1.159284031018614769e-03 2.630798816680908203e+00 1.282904744148254395e+00 -7.429440319538116455e-02 5.660186290740966797e+00 1.403527379035949707e+00 1.290925502777099609e+00 5.801461338996887207e-01 1.261937171220779419e-01 -7.812805473804473877e-02 -7.451840490102767944e-02
1.901876568794250488e+00 -1.208369736559689045e-03 2.631210565567016602e+00 1.288586735725402832e+00 -7.463301718235015869e-02 5.692403793334960938e+00 1.408790826797485352e+00 1.299515366554260254e+00 5.690778493881225586e-01 1.182679086923599243e-01 -7.844122499227523804e-02 -7.478316873311996460e-02
1.901399731636047363e+00 -1.256725750863552094e-03 2.631634950637817383e+00 1.294204711914062500e+00 -7.497174292802810669e-02 5.724667072296142578e+00 1.414032936096191406e+00 1.308113813400268555e+00 5.579571723937988281e-01 1.103684455156326294e-01 -7.875384390354156494e-02 -7.504761219024658203e-02
1.900922656059265137e+00 -1.305079436860978603e-03 2.632058620452880859e+00 1.299822926521301270e+00 -7.531046867370605469e-02 5.756929874420166016e+00 1.419274568557739258e+00 1.316712141036987305e+00 5.468361377716064453e-01 1.024687439203262329e-01 -7.906646281480789185e-02 -7.531205564737319946e-02
1.900443315505981445e+00 -1.354167470708489418e-03 2.632470130920410156e+00 1.305504918098449707e+00 -7.564907521009445190e-02 5.789147377014160156e+00 1.424538373947143555e+00 1.325302124023437500e+00 5.357676744461059570e-01 9.454263746738433838e-02 -7.937962561845779419e-02 -7.557681202888488770e-02
1.899972677230834961e+00 -1.402159919962286949e-03 2.632881641387939453e+00 1.311070680618286133e+00 -7.598269730806350708e-02 5.820906639099121094e+00 1.429712891578674316e+00 1.333768248558044434e+00 5.248384475708007812e-01 8.674778044223785400e-02 -7.968785613775253296e-02 -7.583747059106826782e-02
1.899492859840393066e+00 -1.451244344934821129e-03 2.633293151855468750e+00 1.316752552986145020e+00 -7.632131129503250122e-02 5.853125095367431641e+00 1.434976577758789062e+00 1.342357873916625977e+00 5.137695670127868652e-01 7.882185280323028564e-02 -8.000102639198303223e-02 -7.610222697257995605e-02
1.899016261100769043e+00 -1.499601523391902447e-03 2.633717298507690430e+00 1.322370648384094238e+00 -7.666003704071044922e-02 5.885387420654296875e+00 1.440218210220336914e+00 1.350956082344055176e+00 5.026491284370422363e-01 7.092250883579254150e-02 -8.031364530324935913e-02 -7.636666297912597656e-02
1.898536801338195801e+00 -1.548684784211218357e-03 2.634128570556640625e+00 1.328052401542663574e+00 -7.699864357709884644e-02 5.917605876922607422e+00 1.445482134819030762e+00 1.359546303749084473e+00 4.915798902511596680e-01 6.299622356891632080e-02 -8.062680810689926147e-02 -7.663142681121826172e-02
1.898059725761413574e+00 -1.597043243236839771e-03 2.634552717208862305e+00 1.333670735359191895e+00 -7.733738422393798828e-02 5.949869632720947266e+00 1.450723886489868164e+00 1.368144512176513672e+00 4.804587364196777344e-01 5.509693920612335205e-02 -8.093943446874618530e-02 -7.689587771892547607e-02
1.897580504417419434e+00 -1.646128832362592220e-03 2.634963989257812500e+00 1.339352846145629883e+00 -7.767598330974578857e-02 5.982086658477783203e+00 1.455987691879272461e+00 1.376734495162963867e+00 4.693908095359802246e-01 4.717059433460235596e-02 -8.125260472297668457e-02 -7.716063410043716431e-02
1.897103667259216309e+00 -1.694482518360018730e-03 2.635388374328613281e+00 1.344970822334289551e+00 -7.801471650600433350e-02 6.014349460601806641e+00 1.461229324340820312e+00 1.385332703590393066e+00 4.582698941230773926e-01 3.927125036716461182e-02 -8.156521618366241455e-02 -7.742507755756378174e-02
1.896626353263854980e+00 -1.742838532663881779e-03 2.635812282562255859e+00 1.350589394569396973e+00 -7.835344225168228149e-02 6.046613216400146484e+00 1.466471195220947266e+00 1.393931388854980469e+00 4.471486806869506836e-01 3.137154877185821533e-02 -8.187784254550933838e-02 -7.768952846527099609e-02
1.896147370338439941e+00 -1.791927730664610863e-03 2.636224031448364258e+00 1.356271147727966309e+00 -7.869205623865127563e-02 6.078831195831298828e+00 1.471735119819641113e+00 1.402521371841430664e+00 4.360803365707397461e-01 2.344532310962677002e-02 -8.219102025032043457e-02 -7.795427739620208740e-02
1.895676255226135254e+00 -1.839916687458753586e-03 2.636635303497314453e+00 1.361836791038513184e+00 -7.902567833662033081e-02 6.110590934753417969e+00 1.476909160614013672e+00 1.410986781120300293e+00 4.251507520675659180e-01 1.565082371234893799e-02 -8.249923586845397949e-02 -7.821494340896606445e-02
1.895196795463562012e+00 -1.889005885459482670e-03 2.637046813964843750e+00 1.367518901824951172e+00 -7.936427742242813110e-02 6.142808437347412109e+00 1.482173323631286621e+00 1.419577121734619141e+00 4.140821695327758789e-01 7.724538445472717285e-03 -8.281240612268447876e-02 -7.847969979047775269e-02
1.894719958305358887e+00 -1.937361899763345718e-03 2.637470960617065430e+00 1.373137235641479492e+00 -7.970301806926727295e-02 6.175071716308593750e+00 1.487414836883544922e+00 1.428175449371337891e+00 4.029610753059387207e-01 -1.748651243360654917e-06 -8.312502503395080566e-02 -7.874415069818496704e-02
1.894617438316345215e+00 -1.982365734875202179e-03 2.638702630996704102e+00 1.379025459289550781e+00 -8.004546165466308594e-02 6.206528663635253906e+00 1.493529200553894043e+00 1.436722517013549805e+00 3.924765586853027344e-01 -7.016285962890833616e-05 -8.344735950231552124e-02 -7.902180403470993042e-02
1.894489407539367676e+00 -2.025007037445902824e-03 2.640253067016601562e+00 1.384902238845825195e+00 -8.040652424097061157e-02 6.239261627197265625e+00 1.500604033470153809e+00 1.445691347122192383e+00 3.809641003608703613e-01 -1.362900366075336933e-04 -8.378806710243225098e-02 -7.932198047637939453e-02
1.893738985061645508e+00 -2.072037430480122566e-03 2.641017675399780273e+00 1.390610098838806152e+00 -8.079081028699874878e-02 6.275065898895263672e+00 1.507956862449645996e+00 1.455372929573059082e+00 3.670655488967895508e-01 -2.161000593332573771e-04 -8.414529263973236084e-02 -7.963889837265014648e-02
1.892989277839660645e+00 -2.118354896083474159e-03 2.641791105270385742e+00 1.396252512931823730e+00 -8.117514103651046753e-02 6.310913562774658203e+00 1.515280246734619141e+00 1.465060830116271973e+00 3.531152009963989258e-01 -2.956919197458773851e-04 -8.450185507535934448e-02 -7.995535433292388916e-02
1.892239451408386230e+00 -2.164677251130342484e-03 2.642564535140991211e+00 1.401895165443420410e+00 -8.155946433544158936e-02 6.346761703491210938e+00 1.522603988647460938e+00 1.474749088287353516e+00 3.391653895378112793e-01 -3.752844058908522129e-04 -8.485842496156692505e-02 -8.027182519435882568e-02
1.891489028930664062e+00 -2.211705315858125687e-03 2.643329620361328125e+00 1.407602667808532715e+00 -8.194376528263092041e-02 6.382565975189208984e+00 1.529956579208374023e+00 1.484430074691772461e+00 3.252670764923095703e-01 -4.550920275505632162e-04 -8.521565049886703491e-02 -8.058872818946838379e-02
1.890750050544738770e+00 -2.257680753245949745e-03 2.644087553024291992e+00 1.413193106651306152e+00 -8.232232928276062012e-02 6.417856216430664062e+00 1.537185192108154297e+00 1.493969917297363281e+00 3.115510344505310059e-01 -5.336002795957028866e-04 -8.556721359491348267e-02 -8.090069890022277832e-02
1.889999508857727051e+00 -2.304709982126951218e-03 2.644852638244628906e+00 1.418900847434997559e+00 -8.270661532878875732e-02 6.453660488128662109e+00 1.544537782669067383e+00 1.503651142120361328e+00 2.976526021957397461e-01 -6.134073482826352119e-04 -8.592443913221359253e-02 -8.121760189533233643e-02
1.889249920845031738e+00 -2.351030008867383003e-03 2.645626068115234375e+00 1.424543619155883789e+00 -8.309096097946166992e-02 6.489509105682373047e+00 1.551861286163330078e+00 1.513339519500732422e+00 2.837024331092834473e-01 -6.930051604285836220e-04 -8.628100901842117310e-02 -8.153407275676727295e-02
1.888499617576599121e+00 -2.398054581135511398e-03 2.646391630172729492e+00 1.430251002311706543e+00 -8.347523212432861328e-02 6.525312900543212891e+00 1.559213876724243164e+00 1.523020386695861816e+00 2.698043584823608398e-01 -7.728128111921250820e-04 -8.663822710514068604e-02 -8.185098320245742798e-02
1.887749910354614258e+00 -2.444379264488816261e-03 2.647164344787597656e+00 1.435893774032592773e+00 -8.385957777500152588e-02 6.561161518096923828e+00 1.566537618637084961e+00 1.532708764076232910e+00 2.558539509773254395e-01 -8.524058503098785877e-04 -8.699480444192886353e-02 -8.216745406389236450e-02
1.886999487876892090e+00 -2.491403836756944656e-03 2.647930145263671875e+00 1.441601276397705078e+00 -8.424385637044906616e-02 6.596965312957763672e+00 1.573890209197998047e+00 1.542389869689941406e+00 2.419556975364685059e-01 -9.322093101218342781e-04 -8.735202252864837646e-02 -8.248435705900192261e-02
1.886249423027038574e+00 -2.537723630666732788e-03 2.648703575134277344e+00 1.447243809700012207e+00 -8.462818711996078491e-02 6.632813930511474609e+00 1.581213712692260742e+00 1.552078008651733398e+00 2.280055284500122070e-01 -1.011805958114564419e-03 -8.770860731601715088e-02 -8.280083537101745605e-02
1.885499596595764160e+00 -2.584045985713601112e-03 2.649476528167724609e+00 1.452886700630187988e+00 -8.501251786947250366e-02 6.668661594390869141e+00 1.588537573814392090e+00 1.561766147613525391e+00 2.140554189682006836e-01 -1.091400161385536194e-03 -8.806517720222473145e-02 -8.311729878187179565e-02
1.884749531745910645e+00 -2.631071722134947777e-03 2.650241851806640625e+00 1.458594202995300293e+00 -8.539681881666183472e-02 6.704465866088867188e+00 1.595890283584594727e+00 1.571447610855102539e+00 2.001570463180541992e-01 -1.171204843558371067e-03 -8.842240273952484131e-02 -8.343420922756195068e-02
1.884010434150695801e+00 -2.677048323675990105e-03 2.650999307632446289e+00 1.464184522628784180e+00 -8.577539026737213135e-02 6.739757537841796875e+00 1.603118658065795898e+00 1.580987572669982910e+00 1.864405274391174316e-01 -1.249717315658926964e-03 -8.877396583557128906e-02 -8.374617248773574829e-02
1.883260130882263184e+00 -2.724077552556991577e-03 2.651764392852783203e+00 1.469892144203186035e+00 -8.615966886281967163e-02 6.775560379028320312e+00 1.610471248626708984e+00 1.590668439865112305e+00 1.725428104400634766e-01 -1.329524326138198376e-03 -8.913118392229080200e-02 -8.406308293342590332e-02
1.882510304450988770e+00 -2.770398743450641632e-03 2.652538299560546875e+00 1.475534915924072266e+00 -8.654400706291198730e-02 6.811408519744873047e+00 1.617794513702392578e+00 1.600356578826904297e+00 1.585925817489624023e-01 -1.409116783179342747e-03 -8.948776125907897949e-02 -8.437954634428024292e-02
1.881915688514709473e+00 -2.815335988998413086e-03 2.653490304946899414e+00 1.481117129325866699e+00 -8.693309873342514038e-02 6.847664833068847656e+00 1.625247716903686523e+00 1.610237956047058105e+00 1.445499062538146973e-01 -1.489266520366072655e-03 -8.984798192977905273e-02 -8.469919115304946899e-02
1.881471872329711914e+00 -2.857565879821777344e-03 2.654630184173583984e+00 1.486513733863830566e+00 -8.732681721448898315e-02 6.884397029876708984e+00 1.632768630981445312e+00 1.620318651199340820e+00 1.303173303604125977e-01 -1.569528947584331036e-03 -9.021043777465820312e-02 -8.502098917961120605e-02
1.881037354469299316e+00 -2.900364343076944351e-03 2.655774116516113281e+00 1.491967797279357910e+00 -8.772081881761550903e-02 6.921115875244140625e+00 1.640324592590332031e+00 1.630405306816101074e+00 1.161272004246711731e-01 -1.650026882998645306e-03 -9.057373553514480591e-02 -8.534342795610427856e-02
1.880593657493591309e+00 -2.942590741440653801e-03 2.656914234161376953e+00 1.497364759445190430e+00 -8.811455219984054565e-02 6.957850456237792969e+00 1.647845745086669922e+00 1.640486240386962891e+00 1.018936708569526672e-01 -1.730296993628144264e-03 -9.093619883060455322e-02 -8.566523343324661255e-02
1.880149722099304199e+00 -2.984815742820501328e-03 2.658053874969482422e+00 1.502761483192443848e+00 -8.850828558206558228e-02 6.994583606719970703e+00 1.655366063117980957e+00 1.650566935539245605e+00 8.766133338212966919e-02 -1.810557092539966106e-03 -9.129865467548370361e-02 -8.598705381155014038e-02
1.879715323448181152e+00 -3.027615370228886604e-03 2.659198045730590820e+00 1.508215427398681641e+00 -8.890227228403091431e-02 7.031301498413085938e+00 1.662921905517578125e+00 1.660653352737426758e+00 7.347149401903152466e-02 -1.891055493615567684e-03 -9.166194498538970947e-02 -8.630947768688201904e-02
1.879282593727111816e+00 -3.069492522627115250e-03 2.660322666168212891e+00 1.513559699058532715e+00 -8.929027616977691650e-02 7.067479610443115234e+00 1.670347929000854492e+00 1.670586824417114258e+00 5.947185307741165161e-02 -1.970238983631134033e-03 -9.201942384243011475e-02 -8.662678301334381104e-02
1.878847718238830566e+00 -3.112293314188718796e-03 2.661466598510742188e+00 1.519013524055480957e+00 -8.968426287174224854e-02 7.104197502136230469e+00 1.677904009819030762e+00 1.680672883987426758e+00 4.528165608644485474e-02 -2.050735056400299072e-03 -9.238271415233612061e-02 -8.694922178983688354e-02
1.878404021263122559e+00 -3.154520876705646515e-03 2.662606716156005859e+00 1.524410605430603027e+00 -9.007799625396728516e-02 7.140931129455566406e+00 1.685424685478210449e+00 1.690753936767578125e+00 3.104884177446365356e-02 -2.131001092493534088e-03 -9.274516999721527100e-02 -8.727102726697921753e-02
1.877969384193420410e+00 -3.197323065251111984e-03 2.663749933242797852e+00 1.529864192008972168e+00 -9.047201275825500488e-02 7.177649974822998047e+00 1.692981123924255371e+00 1.700840473175048828e+00 1.685816794633865356e-02 -2.211502054706215858e-03 -9.310848265886306763e-02 -8.759346604347229004e-02
1.877525448799133301e+00 -3.239548066630959511e-03 2.664890289306640625e+00 1.535261273384094238e+00 -9.086574614048004150e-02 7.214384078979492188e+00 1.700501918792724609e+00 1.710921287536621094e+00 2.625651657581329346e-03 -2.291770419105887413e-03 -9.347093105316162109e-02 -8.791528642177581787e-02
1.877091050148010254e+00 -3.282346762716770172e-03 2.666033744812011719e+00 1.540714621543884277e+00 -9.125973284244537354e-02 7.251101016998291016e+00 1.708057641983032227e+00 1.721007823944091797e+00 -1.156454527517780662e-04 -2.372263465076684952e-03 -9.383422881364822388e-02 -8.823770284652709961e-02
1.876647472381591797e+00 -3.324572928249835968e-03 2.667174100875854492e+00 1.546111941337585449e+00 -9.165345877408981323e-02 7.287834644317626953e+00 1.715578556060791016e+00 1.731088757514953613e+00 -2.579682331997901201e-04 -2.452528802677989006e-03 -9.419669210910797119e-02 -8.855952322483062744e-02
1.876203298568725586e+00 -3.366801654919981956e-03 2.668313980102539062e+00 1.551508665084838867e+00 -9.204719960689544678e-02 7.324569225311279297e+00 1.723099470138549805e+00 1.741169691085815430e+00 -4.003023204859346151e-04 -2.532796235755085945e-03 -9.455915540456771851e-02 -8.888133615255355835e-02
1.875769138336181641e+00 -3.409598954021930695e-03 2.669457912445068359e+00 1.556962490081787109e+00 -9.244119375944137573e-02 7.361286640167236328e+00 1.730655312538146973e+00 1.751255989074707031e+00 -5.422001122497022152e-04 -2.613291144371032715e-03 -9.492243826389312744e-02 -8.920376747846603394e-02
1.875336408615112305e+00 -3.451479598879814148e-03 2.670582532882690430e+00 1.562306880950927734e+00 -9.282919764518737793e-02 7.397464275360107422e+00 1.738081216812133789e+00 1.761189222335815430e+00 -6.821941351518034935e-04 -2.692475914955139160e-03 -9.527990967035293579e-02 -8.952107280492782593e-02
1.874901533126831055e+00 -3.494278062134981155e-03 2.671726226806640625e+00 1.567760705947875977e+00 -9.322319179773330688e-02 7.434183597564697266e+00 1.745637297630310059e+00 1.771275758743286133e+00 -8.240984752774238586e-04 -2.772975480183959007e-03 -9.564321488142013550e-02 -8.984351158142089844e-02
1.874458193778991699e+00 -3.536505624651908875e-03 2.672866106033325195e+00 1.573157787322998047e+00 -9.361691027879714966e-02 7.470916271209716797e+00 1.753157854080200195e+00 1.781356334686279297e+00 -9.664188837632536888e-04 -2.853239187970757484e-03 -9.600565582513809204e-02 -9.016530960798263550e-02
1.874023079872131348e+00 -3.579304087907075882e-03 2.674010038375854492e+00 1.578611493110656738e+00 -9.401091188192367554e-02 7.507634639739990234e+00 1.760714054107666016e+00 1.791442632675170898e+00 -1.108324970118701458e-03 -2.933735726401209831e-03 -9.636896103620529175e-02 -9.048773348331451416e-02
1.873579144477844238e+00 -3.621531650424003601e-03 2.675149202346801758e+00 1.584008097648620605e+00 -9.440464526414871216e-02 7.544368743896484375e+00 1.768234968185424805e+00 1.801523923873901367e+00 -1.250655041076242924e-03 -3.014001296833157539e-03 -9.673142433166503906e-02 -9.080956131219863892e-02
1.873144745826721191e+00 -3.664333838969469070e-03 2.676293373107910156e+00 1.589462280273437500e+00 -9.479863941669464111e-02 7.581086158752441406e+00 1.775790929794311523e+00 1.811609983444213867e+00 -1.392550999298691750e-03 -3.094499697908759117e-03 -9.709471464157104492e-02 -9.113197773694992065e-02
1.872701048851013184e+00 -3.706556512042880058e-03 2.677433252334594727e+00 1.594859242439270020e+00 -9.519238024950027466e-02 7.617820739746093750e+00 1.783311843872070312e+00 1.821691274642944336e+00 -1.534883398562669754e-03 -3.174768062308430672e-03 -9.745717793703079224e-02 -9.145380556583404541e-02
1.872257113456726074e+00 -3.748780349269509315e-03 2.678573131561279297e+00 1.600255846977233887e+00 -9.558611363172531128e-02 7.654554843902587891e+00 1.790832638740539551e+00 1.831772446632385254e+00 -1.677217427641153336e-03 -3.255032934248447418e-03 -9.781964123249053955e-02 -9.177561849355697632e-02
1.871822834014892578e+00 -3.791583701968193054e-03 2.679717540740966797e+00 1.605709910392761230e+00 -9.598010778427124023e-02 7.691272258758544922e+00 1.798388481140136719e+00 1.841858625411987305e+00 -1.819112221710383892e-03 -3.335531335324048996e-03 -9.818293154239654541e-02 -9.209804981946945190e-02
1.871389865875244141e+00 -3.833460621535778046e-03 2.680841922760009766e+00 1.611053705215454102e+00 -9.636808931827545166e-02 7.727449893951416016e+00 1.805814266204833984e+00 1.851791739463806152e+00 -1.959109213203191757e-03 -3.414707724004983902e-03 -9.854040294885635376e-02 -9.241534769535064697e-02
1.870955109596252441e+00 -3.876263974234461784e-03 2.681985855102539062e+00 1.616507887840270996e+00 -9.676209092140197754e-02 7.764168739318847656e+00 1.813370466232299805e+00 1.861878395080566406e+00 -2.101011807098984718e-03 -3.495212178677320480e-03 -9.890370070934295654e-02 -9.273778647184371948e-02
1.870119810104370117e+00 -3.967377822846174240e-03 2.682185173034667969e+00 1.620987653732299805e+00 -9.714911133050918579e-02 7.799245357513427734e+00 1.821821689605712891e+00 1.872810125350952148e+00 -2.235674299299716949e-03 -3.555291099473834038e-03 -9.927637130022048950e-02 -9.307903051376342773e-02
1.869284152984619141e+00 -4.060237202793359756e-03 2.682365894317626953e+00 1.625502347946166992e+00 -9.753623604774475098e-02 7.834266185760498047e+00 1.830330610275268555e+00 1.883767962455749512e+00 -2.369725145399570465e-03 -3.615116467699408531e-03 -9.965012222528457642e-02 -9.342136234045028687e-02
1.868447303771972656e+00 -4.151488654315471649e-03 2.682561874389648438e+00 1.629979014396667480e+00 -9.792322665452957153e-02 7.869337558746337891e+00 1.838784456253051758e+00 1.894702315330505371e+00 -2.504369011148810387e-03 -3.675139509141445160e-03 -1.000228077173233032e-01 -9.376265108585357666e-02
1.867611885070800781e+00 -4.244344308972358704e-03 2.682742595672607422e+00 1.634493708610534668e+00 -9.831034392118453979e-02 7.904360294342041016e+00 1.847293376922607422e+00 1.905660867691040039e+00 -2.638424513861536980e-03 -3.734975354745984077e-03 -1.003965660929679871e-01 -9.410498291254043579e-02
1.866775035858154297e+00 -4.335599020123481750e-03 2.682939052581787109e+00 1.638970732688903809e+00 -9.869734197854995728e-02 7.939430713653564453e+00 1.855747461318969727e+00 1.916594743728637695e+00 -2.773064887151122093e-03 -3.794993739575147629e-03 -1.007692515850067139e-01 -9.444628655910491943e-02
1.865938425064086914e+00 -4.426848609000444412e-03 2.683135509490966797e+00 1.643447518348693848e+00 -9.908434003591537476e-02 7.974502563476562500e+00 1.864201307296752930e+00 1.927529335021972656e+00 -2.907705726101994514e-03 -3.855014918372035027e-03 -1.011419445276260376e-01 -9.478758275508880615e-02
1.865102529525756836e+00 -4.519716370850801468e-03 2.683315992355346680e+00 1.647962093353271484e+00 -9.947144985198974609e-02 8.009523391723632812e+00 1.872709989547729492e+00 1.938486814498901367e+00 -3.041760763153433800e-03 -3.914840053766965866e-03 -1.015157029032707214e-01 -9.512990713119506836e-02
1.864278554916381836e+00 -4.610406234860420227e-03 2.683501482009887695e+00 1.652390837669372559e+00 -9.985274076461791992e-02 8.044046401977539062e+00 1.881064891815185547e+00 1.949269771575927734e+00 -3.174102166667580605e-03 -3.973871935158967972e-03 -1.018833518028259277e-01 -9.546662867069244385e-02
1.863443136215209961e+00 -4.703260492533445358e-03 2.683681964874267578e+00 1.656905412673950195e+00 -1.002398654818534851e-01 8.079069137573242188e+00 1.889573812484741211e+00 1.960228204727172852e+00 -3.308157902210950851e-03 -4.033706616610288620e-03 -1.022571176290512085e-01 -9.580896049737930298e-02
1.862606287002563477e+00 -4.794517531991004944e-03 2.683878421783447266e+00 1.661382436752319336e+00 -1.006268411874771118e-01 8.114138603210449219e+00 1.898027658462524414e+00 1.971161842346191406e+00 -3.442794550210237503e-03 -4.093721508979797363e-03 -1.026297956705093384e-01 -9.615025669336318970e-02
1.861770272254943848e+00 -4.887378308922052383e-03 2.684058427810668945e+00 1.665897011756896973e+00 -1.010139659047126770e-01 8.149160385131835938e+00 1.906536459922790527e+00 1.982119560241699219e+00 -3.576849121600389481e-03 -4.153555724769830704e-03 -1.030035391449928284e-01 -9.649257361888885498e-02
1.860933899879455566e+00 -4.978633020073175430e-03 2.684255123138427734e+00 1.670374035835266113e+00 -1.014009714126586914e-01 8.184232711791992188e+00 1.914990663528442383e+00 1.993054866790771484e+00 -3.711496479809284210e-03 -4.213573411107063293e-03 -1.033762544393539429e-01 -9.683389216661453247e-02
1.860098004341125488e+00 -5.071493331342935562e-03 2.684435606002807617e+00 1.674888610839843750e+00 -1.017880886793136597e-01 8.219254493713378906e+00 1.923499464988708496e+00 2.004012584686279297e+00 -3.845546161755919456e-03 -4.273405764251947403e-03 -1.037499979138374329e-01 -9.717621654272079468e-02
1.859261512756347656e+00 -5.162741988897323608e-03 2.684631824493408203e+00 1.679365992546081543e+00 -1.021750867366790771e-01 8.254325866699218750e+00 1.931953072547912598e+00 2.014946937561035156e+00 -3.980189561843872070e-03 -4.333426244556903839e-03 -1.041226908564567566e-01 -9.751750528812408447e-02
1.858424425125122070e+00 -5.253998097032308578e-03 2.684828519821166992e+00 1.683842539787292480e+00 -1.025620698928833008e-01 8.289398193359375000e+00 1.940407156944274902e+00 2.025880813598632812e+00 -4.114828538149595261e-03 -4.393449518829584122e-03 -1.044953688979148865e-01 -9.785881638526916504e-02
1.857589006423950195e+00 -5.346862133592367172e-03 2.685009479522705078e+00 1.688357472419738770e+00 -1.029492095112800598e-01 8.324419021606445312e+00 1.948916077613830566e+00 2.036839485168457031e+00 -4.248884972184896469e-03 -4.453274887055158615e-03 -1.048691421747207642e-01 -9.820114821195602417e-02
1.856752276420593262e+00 -5.438104737550020218e-03 2.685205459594726562e+00 1.692834496498107910e+00 -1.033362001180648804e-01 8.359490394592285156e+00 1.957370162010192871e+00 2.047773599624633789e+00 -4.383528139442205429e-03 -4.513301886618137360e-03 -1.052418276667594910e-01 -9.854243695735931396e-02
1.855929255485534668e+00 -5.530406255275011063e-03 2.685374498367309570e+00 1.697300314903259277e+00 -1.037175729870796204e-01 8.393961906433105469e+00 1.965779423713684082e+00 2.058579444885253906e+00 -4.515276290476322174e-03 -4.572134930640459061e-03 -1.056105196475982666e-01 -9.888016432523727417e-02
1.855092763900756836e+00 -5.621654912829399109e-03 2.685571670532226562e+00 1.701777338981628418e+00 -1.041045859456062317e-01 8.429035186767578125e+00 1.974233627319335938e+00 2.069514513015747070e+00 -4.649921320378780365e-03 -4.632160067558288574e-03 -1.059832349419593811e-01 -9.922148287296295166e-02
1.854256868362426758e+00 -5.714525002986192703e-03 2.685751914978027344e+00 1.706291913986206055e+00 -1.044916957616806030e-01 8.464056015014648438e+00 1.982742786407470703e+00 2.080472469329833984e+00 -4.783973563462495804e-03 -4.691984970122575760e-03 -1.063569784164428711e-01 -9.956381469964981079e-02
1.853420615196228027e+00 -5.805772263556718826e-03 2.685948371887207031e+00 1.710769176483154297e+00 -1.048786938190460205e-01 8.499127388000488281e+00 1.991196513175964355e+00 2.091406822204589844e+00 -4.918615799397230148e-03 -4.752010107040405273e-03 -1.067296639084815979e-01 -9.990511834621429443e-02
1.852584362030029297e+00 -5.898644682019948959e-03 2.686128854751586914e+00 1.715283513069152832e+00 -1.052658036351203918e-01 8.534148216247558594e+00 1.999705314636230469e+00 2.102364540100097656e+00 -5.052670836448669434e-03 -4.811835940927267075e-03 -1.071034222841262817e-01 -1.002474352717399597e-01
1.851747870445251465e+00 -5.989890079945325851e-03 2.686325550079345703e+00 1.719760656356811523e+00 -1.056528165936470032e-01 8.569221496582031250e+00 2.008159399032592773e+00 2.113298892974853516e+00 -5.187312141060829163e-03 -4.871861077845096588e-03 -1.074761152267456055e-01 -1.005887463688850403e-01
1.850912094116210938e+00 -6.082755047827959061e-03 2.686505317687988281e+00 1.724275231361389160e+00 -1.060399338603019714e-01 8.604241371154785156e+00 2.016668558120727539e+00 2.124257087707519531e+00 -5.321362055838108063e-03 -4.931691568344831467e-03 -1.078498810529708862e-01 -1.009310707449913025e-01
1.850075364112854004e+00 -6.174002774059772491e-03 2.686702013015747070e+00 1.728752613067626953e+00 -1.064269244670867920e-01 8.639312744140625000e+00 2.025121927261352539e+00 2.135190963745117188e+00 -5.456001032143831253e-03 -4.991710186004638672e-03 -1.082225590944290161e-01 -1.012723594903945923e-01
1.849238634109497070e+00 -6.265257485210895538e-03 2.686898231506347656e+00 1.733229279518127441e+00 -1.068139150738716125e-01 8.674385070800781250e+00 2.033576011657714844e+00 2.146125793457031250e+00 -5.590645130723714828e-03 -5.051732063293457031e-03 -1.085952520370483398e-01 -1.016136705875396729e-01
1.848415613174438477e+00 -6.357552949339151382e-03 2.687067985534667969e+00 1.737695574760437012e+00 -1.071953251957893372e-01 8.708858489990234375e+00 2.041985750198364258e+00 2.156931877136230469e+00 -5.722402594983577728e-03 -5.110568832606077194e-03 -1.089639738202095032e-01 -1.019514128565788269e-01
1.847579240798950195e+00 -6.448799278587102890e-03 2.687264680862426758e+00 1.742172479629516602e+00 -1.075823158025741577e-01 8.743929862976074219e+00 2.050439834594726562e+00 2.167866230010986328e+00 -5.857042502611875534e-03 -5.170589778572320938e-03 -1.093366593122482300e-01 -1.022927090525627136e-01
1.846743464469909668e+00 -6.541663315147161484e-03 2.687445402145385742e+00 1.746687054634094238e+00 -1.079694405198097229e-01 8.778951644897460938e+00 2.058948516845703125e+00 2.178824424743652344e+00 -5.991101730614900589e-03 -5.230421200394630432e-03 -1.097104251384735107e-01 -1.026350483298301697e-01
1.845906734466552734e+00 -6.632915697991847992e-03 2.687641382217407227e+00 1.751164078712463379e+00 -1.083564460277557373e-01 8.814023971557617188e+00 2.067402601242065430e+00 2.189758539199829102e+00 -6.125742103904485703e-03 -5.290445405989885330e-03 -1.100831106305122375e-01 -1.029763519763946533e-01
1.845070600509643555e+00 -6.725788116455078125e-03 2.687821388244628906e+00 1.755678534507751465e+00 -1.087435483932495117e-01 8.849043846130371094e+00 2.075911521911621094e+00 2.200716733932495117e+00 -6.259790621697902679e-03 -5.350266583263874054e-03 -1.104568541049957275e-01 -1.033186614513397217e-01
1.844234228134155273e+00 -6.817032117396593094e-03 2.688018321990966797e+00 1.760155558586120605e+00 -1.091305539011955261e-01 8.884115219116210938e+00 2.084365844726562500e+00 2.211651563644409180e+00 -6.394435185939073563e-03 -5.410290788859128952e-03 -1.108295619487762451e-01 -1.036599725484848022e-01
1.843398332595825195e+00 -6.909896153956651688e-03 2.688198804855346680e+00 1.764670252799987793e+00 -1.095176786184310913e-01 8.919137954711914062e+00 2.092874526977539062e+00 2.222609043121337891e+00 -6.528490222990512848e-03 -5.470125004649162292e-03 -1.112033054232597351e-01 -1.040022894740104675e-01
1.842561602592468262e+00 -7.001144811511039734e-03 2.688394546508789062e+00 1.769147038459777832e+00 -1.099046617746353149e-01 8.954208374023437500e+00 2.101327896118164062e+00 2.233543395996093750e+00 -6.663131061941385269e-03 -5.530138034373521805e-03 -1.115759834647178650e-01 -1.043435931205749512e-01
1.842437744140625000e+00 -7.064596284180879593e-03 2.688756465911865234e+00 1.774106025695800781e+00 -1.102915555238723755e-01 8.988840103149414062e+00 2.110096931457519531e+00 2.244978904724121094e+00 -6.793759763240814209e-03 -5.601572338491678238e-03 -1.119421347975730896e-01 -1.046722084283828735e-01
1.842585444450378418e+00 -7.119039073586463928e-03 2.689151525497436523e+00 1.779228568077087402e+00 -1.106728240847587585e-01 9.022716522216796875e+00 2.118935346603393555e+00 2.256467342376708984e+00 -6.920048967003822327e-03 -5.675937514752149582e-03 -1.123019680380821228e-01 -1.049926951527595520e-01
1.842739939689636230e+00 -7.171616423875093460e-03 2.689578056335449219e+00 1.784375786781311035e+00 -1.110596507787704468e-01 9.057176589965820312e+00 2.127827644348144531e+00 2.268098592758178711e+00 -7.049105130136013031e-03 -5.751828197389841080e-03 -1.126655563712120056e-01 -1.053163483738899231e-01
1.842891693115234375e+00 -7.225971203297376633e-03 2.689987659454345703e+00 1.789558291435241699e+00 -1.114466339349746704e-01 9.091588020324707031e+00 2.136772394180297852e+00 2.279750347137451172e+00 -7.177595980465412140e-03 -5.827454850077629089e-03 -1.130302399396896362e-01 -1.056411117315292358e-01
1.843046188354492188e+00 -7.278541103005409241e-03 2.690413951873779297e+00 1.794705748558044434e+00 -1.118334680795669556e-01 9.126048088073730469e+00 2.145664453506469727e+00 2.291381835937500000e+00 -7.306654937565326691e-03 -5.903346929699182510e-03 -1.133938357234001160e-01 -1.059647649526596069e-01
1.843197703361511230e+00 -7.332893554121255875e-03 2.690823554992675781e+00 1.799888014793395996e+00 -1.122204437851905823e-01 9.160459518432617188e+00 2.154609203338623047e+00 2.303034067153930664e+00 -7.435149513185024261e-03 -5.978969857096672058e-03 -1.137585341930389404e-01 -1.062895283102989197e-01
1.843352556228637695e+00 -7.385464850813150406e-03 2.691250324249267578e+00 1.805035471916198730e+00 -1.126072928309440613e-01 9.194919586181640625e+00 2.163500785827636719e+00 2.314665079116821289e+00 -7.564206141978502274e-03 -6.054857280105352402e-03 -1.141221150755882263e-01 -1.066131740808486938e-01
1.843503952026367188e+00 -7.439824286848306656e-03 2.691659927368164062e+00 1.810217738151550293e+00 -1.129942610859870911e-01 9.229331970214843750e+00 2.172446250915527344e+00 2.326317310333251953e+00 -7.692699320614337921e-03 -6.130490917712450027e-03 -1.144868060946464539e-01 -1.069379374384880066e-01
1.843658328056335449e+00 -7.492397911846637726e-03 2.692085981369018555e+00 1.815364837646484375e+00 -1.133811101317405701e-01 9.263792037963867188e+00 2.181337833404541016e+00 2.337948322296142578e+00 -7.821757346391677856e-03 -6.206376478075981140e-03 -1.148503944277763367e-01 -1.072615906596183777e-01
1.843813419342041016e+00 -7.544962223619222641e-03 2.692512750625610352e+00 1.820512652397155762e+00 -1.137679517269134521e-01 9.298254013061523438e+00 2.190230131149291992e+00 2.349580287933349609e+00 -7.950817234814167023e-03 -6.282264832407236099e-03 -1.152140051126480103e-01 -1.075852662324905396e-01
1.843961000442504883e+00 -7.599408272653818130e-03 2.692907810211181641e+00 1.825634598731994629e+00 -1.141492128372192383e-01 9.332126617431640625e+00 2.199068069458007812e+00 2.361068248748779297e+00 -8.077105507254600525e-03 -6.356635596603155136e-03 -1.155737936496734619e-01 -1.079057380557060242e-01
1.844115972518920898e+00 -7.651987951248884201e-03 2.693333625793457031e+00 1.830782771110534668e+00 -1.145360618829727173e-01 9.366587638854980469e+00 2.207960605621337891e+00 2.372700691223144531e+00 -8.206160739064216614e-03 -6.432523019611835480e-03 -1.159374043345451355e-01 -1.082293987274169922e-01
1.844267249107360840e+00 -7.706333417445421219e-03 2.693743467330932617e+00 1.835964560508728027e+00 -1.149230226874351501e-01 9.400999069213867188e+00 2.216905117034912109e+00 2.384351968765258789e+00 -8.334650658071041107e-03 -6.508146412670612335e-03 -1.163020804524421692e-01 -1.085541546344757080e-01
1.844422221183776855e+00 -7.758909370750188828e-03 2.694170475006103516e+00 1.841111898422241211e+00 -1.153098717331886292e-01 9.435459136962890625e+00 2.225797176361083984e+00 2.395983457565307617e+00 -8.463704958558082581e-03 -6.584038957953453064e-03 -1.166656836867332458e-01 -1.088778004050254822e-01
1.844573736190795898e+00 -7.813259959220886230e-03 2.694579601287841797e+00 1.846294045448303223e+00 -1.156968548893928528e-01 9.469872474670410156e+00 2.234742641448974609e+00 2.407635688781738281e+00 -8.592206053435802460e-03 -6.659665144979953766e-03 -1.170303672552108765e-01 -1.092025637626647949e-01
1.844728231430053711e+00 -7.865833118557929993e-03 2.695006132125854492e+00 1.851441740989685059e+00 -1.160836890339851379e-01 9.504331588745117188e+00 2.243634223937988281e+00 2.419266700744628906e+00 -8.721260353922843933e-03 -6.735552567988634109e-03 -1.173939555883407593e-01 -1.095262244343757629e-01
1.844879746437072754e+00 -7.920189760625362396e-03 2.695415258407592773e+00 1.856623649597167969e+00 -1.164706647396087646e-01 9.538745880126953125e+00 2.252579212188720703e+00 2.430919170379638672e+00 -8.849758654832839966e-03 -6.811181548982858658e-03 -1.177586540579795837e-01 -1.098509877920150757e-01
1.845034360885620117e+00 -7.972761988639831543e-03 2.695842266082763672e+00 1.861770987510681152e+00 -1.168575137853622437e-01 9.573204040527343750e+00 2.261471271514892578e+00 2.442550182342529297e+00 -8.978811092674732208e-03 -6.887070368975400925e-03 -1.181222423911094666e-01 -1.101746410131454468e-01
1.845189213752746582e+00 -8.025332354009151459e-03 2.696268558502197266e+00 1.866918444633483887e+00 -1.172443479299545288e-01 9.607665061950683594e+00 2.270362854003906250e+00 2.454181432723999023e+00 -9.107871912419795990e-03 -6.962962448596954346e-03 -1.184858307242393494e-01 -1.104983016848564148e-01
1.845336794853210449e+00 -8.079785853624343872e-03 2.696663379669189453e+00 1.872040987014770508e+00 -1.176256090402603149e-01 9.641538619995117188e+00 2.279201507568359375e+00 2.465670108795166016e+00 -9.234156459569931030e-03 -7.037321571260690689e-03 -1.188456416130065918e-01 -1.108187809586524963e-01
1.845491528511047363e+00 -8.132355287671089172e-03 2.697089672088623047e+00 1.877188682556152344e+00 -1.180124655365943909e-01 9.675999641418457031e+00 2.288093090057373047e+00 2.477301359176635742e+00 -9.363214485347270966e-03 -7.113216444849967957e-03 -1.192092373967170715e-01 -1.111424341797828674e-01
1.845642924308776855e+00 -8.186711929738521576e-03 2.697499036788940430e+00 1.882370591163635254e+00 -1.183994263410568237e-01 9.710411071777343750e+00 2.297038316726684570e+00 2.488953351974487305e+00 -9.491711854934692383e-03 -7.188840769231319427e-03 -1.195739358663558960e-01 -1.114671975374221802e-01
1.845798015594482422e+00 -8.239277638494968414e-03 2.697926044464111328e+00 1.887518048286437988e+00 -1.187862679362297058e-01 9.744871139526367188e+00 2.305930137634277344e+00 2.500584602355957031e+00 -9.620766155421733856e-03 -7.264734245836734772e-03 -1.199375092983245850e-01 -1.117908582091331482e-01
1.846476316452026367e+00 -8.274395018815994263e-03 2.699635505676269531e+00 1.892835736274719238e+00 -1.191720813512802124e-01 9.779115676879882812e+00 2.314174175262451172e+00 2.511661052703857422e+00 -9.748784825205802917e-03 -7.326731923967599869e-03 -1.202990487217903137e-01 -1.121240407228469849e-01
1.847539782524108887e+00 -8.293751627206802368e-03 2.702306985855102539e+00 1.898217201232910156e+00 -1.195569261908531189e-01 9.813288688659667969e+00 2.321856021881103516e+00 2.522298097610473633e+00 -9.877032600343227386e-03 -7.379089482128620148e-03 -1.206571906805038452e-01 -1.124622672796249390e-01
1.848606109619140625e+00 -8.314687758684158325e-03 2.704974174499511719e+00 1.903634905815124512e+00 -1.199418902397155762e-01 9.847411155700683594e+00 2.329583406448364258e+00 2.532950162887573242e+00 -1.000470574945211411e-02 -7.431058678776025772e-03 -1.210163831710815430e-01 -1.128016561269760132e-01
1.849670529365539551e+00 -8.334047161042690277e-03 2.707646369934082031e+00 1.909016966819763184e+00 -1.203267425298690796e-01 9.881584167480468750e+00 2.337265253067016602e+00 2.543587923049926758e+00 -1.013294886797666550e-02 -7.483421824872493744e-03 -1.213745251297950745e-01 -1.131398975849151611e-01
1.850734829902648926e+00 -8.353388868272304535e-03 2.710317850112915039e+00 1.914398193359375000e+00 -1.207115724682807922e-01 9.915755271911621094e+00 2.344946622848510742e+00 2.554224491119384766e+00 -1.026119198650121689e-02 -7.535778917372226715e-03 -1.217326596379280090e-01 -1.134781017899513245e-01
1.851785540580749512e+00 -8.374844677746295929e-03 2.712942123413085938e+00 1.919753432273864746e+00 -1.210908368229866028e-01 9.949342727661132812e+00 2.352582931518554688e+00 2.564725399017333984e+00 -1.038666814565658569e-02 -7.586768828332424164e-03 -1.220870465040206909e-01 -1.138130426406860352e-01
1.852849960327148438e+00 -8.394188247621059418e-03 2.715614080429077148e+00 1.925135016441345215e+00 -1.214756742119789124e-01 9.983514785766601562e+00 2.360264062881469727e+00 2.575362443923950195e+00 -1.051491312682628632e-02 -7.639134768396615982e-03 -1.224451810121536255e-01 -1.141512542963027954e-01
1.853915810585021973e+00 -8.415134623646736145e-03 2.718280792236328125e+00 1.930552005767822266e+00 -1.218606233596801758e-01 1.001763725280761719e+01 2.367991924285888672e+00 2.586014747619628906e+00 -1.064258534461259842e-02 -7.691098842769861221e-03 -1.228043735027313232e-01 -1.144906505942344666e-01
1.854980349540710449e+00 -8.434493094682693481e-03 2.720952510833740234e+00 1.935933709144592285e+00 -1.222454681992530823e-01 1.005180835723876953e+01 2.375674009323120117e+00 2.596652030944824219e+00 -1.077082287520170212e-02 -7.743454538285732269e-03 -1.231625154614448547e-01 -1.148288771510124207e-01
1.856045722961425781e+00 -8.455434814095497131e-03 2.723619937896728516e+00 1.941351532936096191e+00 -1.226304322481155396e-01 1.008593082427978516e+01 2.383401393890380859e+00 2.607303619384765625e+00 -1.089850161224603653e-02 -7.795417681336402893e-03 -1.235217079520225525e-01 -1.151682734489440918e-01
1.857110261917114258e+00 -8.474782109260559082e-03 2.726291656494140625e+00 1.946733117103576660e+00 -1.230152770876884460e-01 1.012010383605957031e+01 2.391082763671875000e+00 2.617941141128540039e+00 -1.102674845606088638e-02 -7.847778499126434326e-03 -1.238798499107360840e-01 -1.155065000057220459e-01
1.858176350593566895e+00 -8.495740592479705811e-03 2.728958845138549805e+00 1.952150702476501465e+00 -1.234002187848091125e-01 1.015422630310058594e+01 2.398810863494873047e+00 2.628593444824218750e+00 -1.115441787987947464e-02 -7.899750024080276489e-03 -1.242390573024749756e-01 -1.158458963036537170e-01
1.859240889549255371e+00 -8.515081368386745453e-03 2.731630325317382812e+00 1.957532405853271484e+00 -1.237850710749626160e-01 1.018839836120605469e+01 2.406492233276367188e+00 2.639230489730834961e+00 -1.128266751766204834e-02 -7.952110841870307922e-03 -1.245971918106079102e-01 -1.161841154098510742e-01
1.860304832458496094e+00 -8.534430526196956635e-03 2.734301805496215820e+00 1.962913751602172852e+00 -1.241699010133743286e-01 1.022256851196289062e+01 2.414173841476440430e+00 2.649867296218872070e+00 -1.141090504825115204e-02 -8.004464209079742432e-03 -1.249553263187408447e-01 -1.165223345160484314e-01
1.861355662345886230e+00 -8.555877953767776489e-03 2.736926555633544922e+00 1.968268752098083496e+00 -1.245491877198219299e-01 1.025615787506103516e+01 2.421809673309326172e+00 2.660368442535400391e+00 -1.153638307005167007e-02 -8.055456914007663727e-03 -1.253097206354141235e-01 -1.168572753667831421e-01
1.862420082092285156e+00 -8.575226180255413055e-03 2.739598512649536133e+00 1.973650336265563965e+00 -1.249340325593948364e-01 1.029033088684082031e+01 2.429491043090820312e+00 2.671005487442016602e+00 -1.166463363915681839e-02 -8.107822388410568237e-03 -1.256678551435470581e-01 -1.171955019235610962e-01
1.863485813140869141e+00 -8.596183732151985168e-03 2.742265462875366211e+00 1.979067564010620117e+00 -1.253189593553543091e-01 1.032445144653320312e+01 2.437219142913818359e+00 2.681657552719116211e+00 -1.179230399429798126e-02 -8.159781806170940399e-03 -1.260270625352859497e-01 -1.175348982214927673e-01
1.864550113677978516e+00 -8.615533821284770966e-03 2.744937181472778320e+00 1.984449267387390137e+00 -1.257037967443466187e-01 1.035862159729003906e+01 2.444900989532470703e+00 2.692295074462890625e+00 -1.192053500562906265e-02 -8.212139829993247986e-03 -1.263851821422576904e-01 -1.178731098771095276e-01
1.865616083145141602e+00 -8.636482991278171539e-03 2.747604131698608398e+00 1.989866971969604492e+00 -1.260887533426284790e-01 1.039274501800537109e+01 2.452628612518310547e+00 2.702946662902832031e+00 -1.204821560531854630e-02 -8.264104835689067841e-03 -1.267443895339965820e-01 -1.182125136256217957e-01
1.866679906845092773e+00 -8.655826561152935028e-03 2.750275850296020508e+00 1.995248556137084961e+00 -1.264736056327819824e-01 1.042691802978515625e+01 2.460309982299804688e+00 2.713583707809448242e+00 -1.217646338045597076e-02 -8.316462859511375427e-03 -1.271025240421295166e-01 -1.185507401823997498e-01
1.867746353149414062e+00 -8.676779456436634064e-03 2.752943038940429688e+00 2.000666141510009766e+00 -1.268585771322250366e-01 1.046104145050048828e+01 2.468038082122802734e+00 2.724236488342285156e+00 -1.230413932353258133e-02 -8.368432521820068359e-03 -1.274617612361907959e-01 -1.188901513814926147e-01
1.868810653686523438e+00 -8.696125820279121399e-03 2.755614519119262695e+00 2.006047725677490234e+00 -1.272434145212173462e-01 1.049521255493164062e+01 2.475719690322875977e+00 2.734873294830322266e+00 -1.243238802999258041e-02 -8.420797064900398254e-03 -1.278198808431625366e-01 -1.192283704876899719e-01
1.869874835014343262e+00 -8.715477772057056427e-03 2.758285999298095703e+00 2.011428833007812500e+00 -1.276282370090484619e-01 1.052938270568847656e+01 2.483400821685791016e+00 2.745510101318359375e+00 -1.256061997264623642e-02 -8.473153226077556610e-03 -1.281779855489730835e-01 -1.195665746927261353e-01
1.870925784111022949e+00 -8.736921474337577820e-03 2.760910987854003906e+00 2.016784191131591797e+00 -1.280075013637542725e-01 1.056297111511230469e+01 2.491037130355834961e+00 2.756011486053466797e+00 -1.268610171973705292e-02 -8.524148724973201752e-03 -1.285323947668075562e-01 -1.199015229940414429e-01
1.871990323066711426e+00 -8.756273426115512848e-03 2.763583183288574219e+00 2.022166013717651367e+00 -1.283923536539077759e-01 1.059714317321777344e+01 2.498718738555908203e+00 2.766648292541503906e+00 -1.281433831900358200e-02 -8.576501160860061646e-03 -1.288905292749404907e-01 -1.202397421002388000e-01
1.873056292533874512e+00 -8.777222596108913422e-03 2.766250133514404297e+00 2.027583837509155273e+00 -1.287773102521896362e-01 1.063126754760742188e+01 2.506446361541748047e+00 2.777300834655761719e+00 -1.294202264398336411e-02 -8.628476411104202271e-03 -1.292497366666793823e-01 -1.205791458487510681e-01
1.874119997024536133e+00 -8.796571753919124603e-03 2.768921375274658203e+00 2.032964944839477539e+00 -1.291621625423431396e-01 1.066543769836425781e+01 2.514127969741821289e+00 2.787937879562377930e+00 -1.307026110589504242e-02 -8.680826984345912933e-03 -1.296078711748123169e-01 -1.209173649549484253e-01
1.875186324119567871e+00 -8.817519061267375946e-03 2.771588802337646484e+00 2.038382768630981445e+00 -1.295471042394638062e-01 1.069956016540527344e+01 2.521855831146240234e+00 2.798589944839477539e+00 -1.319793425500392914e-02 -8.732798509299755096e-03 -1.299670636653900146e-01 -1.212567463517189026e-01
1.876250267028808594e+00 -8.836871944367885590e-03 2.774260044097900391e+00 2.043764114379882812e+00 -1.299319416284561157e-01 1.073373126983642578e+01 2.529537200927734375e+00 2.809226512908935547e+00 -1.332617457956075668e-02 -8.785155601799488068e-03 -1.303251981735229492e-01 -1.215949729084968567e-01
1.877316951751708984e+00 -8.857821114361286163e-03 2.776927471160888672e+00 2.049181938171386719e+00 -1.303169131278991699e-01 1.076785564422607422e+01 2.537265300750732422e+00 2.819879293441772461e+00 -1.345385517925024033e-02 -8.837128058075904846e-03 -1.306844204664230347e-01 -1.219343915581703186e-01
1.878381013870239258e+00 -8.877173066139221191e-03 2.779599428176879883e+00 2.054563760757446289e+00 -1.307017654180526733e-01 1.080202770233154297e+01 2.544946670532226562e+00 2.830517292022705078e+00 -1.358210016041994095e-02 -8.889487944543361664e-03 -1.310425549745559692e-01 -1.222726106643676758e-01
1.879445433616638184e+00 -8.896518498659133911e-03 2.782270908355712891e+00 2.059945106506347656e+00 -1.310866028070449829e-01 1.083619880676269531e+01 2.552628040313720703e+00 2.841153383255004883e+00 -1.371033396571874619e-02 -8.941845968365669250e-03 -1.314006745815277100e-01 -1.226108148694038391e-01
1.880495667457580566e+00 -8.917969651520252228e-03 2.784895420074462891e+00 2.065299987792968750e+00 -1.314658671617507935e-01 1.086978626251220703e+01 2.560264110565185547e+00 2.851654529571533203e+00 -1.383581571280956268e-02 -8.992831222712993622e-03 -1.317550688982009888e-01 -1.229457557201385498e-01
1.881560325622558594e+00 -8.937311358749866486e-03 2.787567853927612305e+00 2.070681333541870117e+00 -1.318507045507431030e-01 1.090396022796630859e+01 2.567945957183837891e+00 2.862291812896728516e+00 -1.396407093852758408e-02 -9.045195765793323517e-03 -1.321132034063339233e-01 -1.232839822769165039e-01
1.883086800575256348e+00 -8.960606530308723450e-03 2.790761947631835938e+00 2.076239585876464844e+00 -1.322335749864578247e-01 1.093724632263183594e+01 2.576433658599853516e+00 2.872339248657226562e+00 -1.408670190721750259e-02 -9.082584641873836517e-03 -1.324765533208847046e-01 -1.236346438527107239e-01
1.885032176971435547e+00 -8.984435349702835083e-03 2.794441699981689453e+00 2.081889867782592773e+00 -1.326143890619277954e-01 1.096982002258300781e+01 2.585566520690917969e+00 2.881821870803833008e+00 -1.420530956238508224e-02 -9.107067249715328217e-03 -1.328426003456115723e-01 -1.239943578839302063e-01
1.886976361274719238e+00 -9.009850211441516876e-03 2.798113346099853516e+00 2.087574720382690430e+00 -1.329953521490097046e-01 1.100235080718994141e+01 2.594741821289062500e+00 2.891322612762451172e+00 -1.432338915765285492e-02 -9.131254628300666809e-03 -1.332097053527832031e-01 -1.243551671504974365e-01
1.888921618461608887e+00 -9.033679030835628510e-03 2.801793098449707031e+00 2.093224763870239258e+00 -1.333761811256408691e-01 1.103492641448974609e+01 2.603874683380126953e+00 2.900803565979003906e+00 -1.444199867546558380e-02 -9.155741892755031586e-03 -1.335757374763488770e-01 -1.247148960828781128e-01
1.890865683555603027e+00 -9.059096686542034149e-03 2.805465221405029297e+00 2.098909616470336914e+00 -1.337571144104003906e-01 1.106745529174804688e+01 2.613050460815429688e+00 2.910304546356201172e+00 -1.456007175147533417e-02 -9.179925546050071716e-03 -1.339428424835205078e-01 -1.250757277011871338e-01
1.892810821533203125e+00 -9.082917124032974243e-03 2.809144973754882812e+00 2.104559898376464844e+00 -1.341379731893539429e-01 1.110003089904785156e+01 2.622183799743652344e+00 2.919786930084228516e+00 -1.467869244515895844e-02 -9.204420261085033417e-03 -1.343089044094085693e-01 -1.254354566335678101e-01
1.894755959510803223e+00 -9.106750600039958954e-03 2.812824726104736328e+00 2.110210180282592773e+00 -1.345188021659851074e-01 1.113260841369628906e+01 2.631317138671875000e+00 2.929268836975097656e+00 -1.479731034487485886e-02 -9.228905662894248962e-03 -1.346749663352966309e-01 -1.257951855659484863e-01
1.896670579910278320e+00 -9.132591076195240021e-03 2.816437482833862305e+00 2.115828037261962891e+00 -1.348941326141357422e-01 1.116462802886962891e+01 2.640376567840576172e+00 2.938636779785156250e+00 -1.491334289312362671e-02 -9.252567775547504425e-03 -1.350371092557907104e-01 -1.261511892080307007e-01
1.898615837097167969e+00 -9.156419895589351654e-03 2.820117235183715820e+00 2.121478557586669922e+00 -1.352749466896057129e-01 1.119720268249511719e+01 2.649509429931640625e+00 2.948118925094604492e+00 -1.503195520490407944e-02 -9.277062490582466125e-03 -1.354031562805175781e-01 -1.265109181404113770e-01
1.900559544563293457e+00 -9.181839413940906525e-03 2.823788881301879883e+00 2.127163648605346680e+00 -1.356559097766876221e-01 1.122973251342773438e+01 2.658684968948364258e+00 2.957619667053222656e+00 -1.515002921223640442e-02 -9.301238693296909332e-03 -1.357702612876892090e-01 -1.268717497587203979e-01
1.902505159378051758e+00 -9.205660782754421234e-03 2.827469110488891602e+00 2.132813692092895508e+00 -1.360367685556411743e-01 1.126230907440185547e+01 2.667818069458007812e+00 2.967101812362670898e+00 -1.526864524930715561e-02 -9.325732477009296417e-03 -1.361363232135772705e-01 -1.272314637899398804e-01
1.904449462890625000e+00 -9.231070056557655334e-03 2.831140995025634766e+00 2.138499021530151367e+00 -1.364177018404006958e-01 1.129483795166015625e+01 2.676993608474731445e+00 2.976602077484130859e+00 -1.538670714944601059e-02 -9.349916130304336548e-03 -1.365033984184265137e-01 -1.275922954082489014e-01
1.906394600868225098e+00 -9.254907257854938507e-03 2.834820747375488281e+00 2.144148588180541992e+00 -1.367985308170318604e-01 1.132741355895996094e+01 2.686127185821533203e+00 2.986084461212158203e+00 -1.550533249974250793e-02 -9.374400600790977478e-03 -1.368694603443145752e-01 -1.279520243406295776e-01
1.908338427543640137e+00 -9.280309081077575684e-03 2.838492393493652344e+00 2.149834156036376953e+00 -1.371794939041137695e-01 1.135994529724121094e+01 2.695302486419677734e+00 2.995585203170776367e+00 -1.562341209501028061e-02 -9.398586116731166840e-03 -1.372365653514862061e-01 -1.283128559589385986e-01
1.910284042358398438e+00 -9.304142557084560394e-03 2.842172622680664062e+00 2.155484437942504883e+00 -1.375603377819061279e-01 1.139251995086669922e+01 2.704435825347900391e+00 3.005067348480224609e+00 -1.574202068150043488e-02 -9.423079900443553925e-03 -1.376026272773742676e-01 -1.286725848913192749e-01
1.912228703498840332e+00 -9.327978827059268951e-03 2.845851898193359375e+00 2.161134004592895508e+00 -1.379411667585372925e-01 1.142509460449218750e+01 2.713568925857543945e+00 3.014549255371093750e+00 -1.586064510047435760e-02 -9.447564370930194855e-03 -1.379686743021011353e-01 -1.290322989225387573e-01
1.914143443107604980e+00 -9.353816509246826172e-03 2.849464893341064453e+00 2.166752576828002930e+00 -1.383164823055267334e-01 1.145711708068847656e+01 2.722628116607666016e+00 3.023917436599731445e+00 -1.597667112946510315e-02 -9.471233002841472626e-03 -1.383308023214340210e-01 -1.293883025646209717e-01
1.916088700294494629e+00 -9.377642534673213959e-03 2.853144645690917969e+00 2.172402381896972656e+00 -1.386973112821578979e-01 1.148969078063964844e+01 2.731761455535888672e+00 3.033399343490600586e+00 -1.609528996050357819e-02 -9.495715610682964325e-03 -1.386968642473220825e-01 -1.297480314970016479e-01
1.918032526969909668e+00 -9.403058327734470367e-03 2.856816768646240234e+00 2.178087472915649414e+00 -1.390782743692398071e-01 1.152222251892089844e+01 2.740937232971191406e+00 3.042899608612060547e+00 -1.621336676180362701e-02 -9.519902057945728302e-03 -1.390639841556549072e-01 -1.301088631153106689e-01
1.919978499412536621e+00 -9.426884353160858154e-03 2.860496520996093750e+00 2.183737516403198242e+00 -1.394591182470321655e-01 1.155479812622070312e+01 2.750070571899414062e+00 3.052382469177246094e+00 -1.633198373019695282e-02 -9.544393979012966156e-03 -1.394300311803817749e-01 -1.304685920476913452e-01
1.921922087669372559e+00 -9.452292695641517639e-03 2.864168167114257812e+00 2.189423084259033203e+00 -1.398400813341140747e-01 1.158732986450195312e+01 2.759245634078979492e+00 3.061882972717285156e+00 -1.645006053149700165e-02 -9.568573907017707825e-03 -1.397971212863922119e-01 -1.308294236660003662e-01
1.923867106437683105e+00 -9.476127102971076965e-03 2.867847681045532227e+00 2.195072889328002930e+00 -1.402208805084228516e-01 1.161990165710449219e+01 2.768378257751464844e+00 3.071364164352416992e+00 -1.656866259872913361e-02 -9.593063965439796448e-03 -1.401631683111190796e-01 -1.311891227960586548e-01
1.925811171531677246e+00 -9.501547552645206451e-03 2.871519327163696289e+00 2.200757741928100586e+00 -1.406018286943435669e-01 1.165243148803710938e+01 2.777554035186767578e+00 3.080865383148193359e+00 -1.668673753738403320e-02 -9.617247618734836578e-03 -1.405302584171295166e-01 -1.315499693155288696e-01
1.927756667137145996e+00 -9.525379166007041931e-03 2.875199556350708008e+00 2.206408023834228516e+00 -1.409826874732971191e-01 1.168500709533691406e+01 2.786688089370727539e+00 3.090347290039062500e+00 -1.680535264313220978e-02 -9.641733951866626740e-03 -1.408963352441787720e-01 -1.319096982479095459e-01
1.929701924324035645e+00 -9.549195878207683563e-03 2.878879070281982422e+00 2.212058544158935547e+00 -1.413635164499282837e-01 1.171758270263671875e+01 2.795820713043212891e+00 3.099829196929931641e+00 -1.692396774888038635e-02 -9.666224010288715363e-03 -1.412623822689056396e-01 -1.322694122791290283e-01
1.931616187095642090e+00 -9.575053118169307709e-03 2.882492065429687500e+00 2.217676401138305664e+00 -1.417388468980789185e-01 1.174960422515869141e+01 2.804880619049072266e+00 3.109198093414306641e+00 -1.704000495374202728e-02 -9.689887054264545441e-03 -1.416245400905609131e-01 -1.326254308223724365e-01
1.933561205863952637e+00 -9.598868899047374725e-03 2.886171817779541016e+00 2.223326444625854492e+00 -1.421196758747100830e-01 1.178217887878417969e+01 2.814013481140136719e+00 3.118679761886596680e+00 -1.715862564742565155e-02 -9.714377112686634064e-03 -1.419905871152877808e-01 -1.329851448535919189e-01
1.935505509376525879e+00 -9.624280966818332672e-03 2.889844179153442383e+00 2.229012012481689453e+00 -1.425006389617919922e-01 1.181471061706542969e+01 2.823189020156860352e+00 3.128180027008056641e+00 -1.727669872343540192e-02 -9.738564491271972656e-03 -1.423576921224594116e-01 -1.333459913730621338e-01
1.937451243400573730e+00 -9.648116305470466614e-03 2.893523693084716797e+00 2.234662294387817383e+00 -1.428814828395843506e-01 1.184728622436523438e+01 2.832322597503662109e+00 3.137663364410400391e+00 -1.739531569182872772e-02 -9.763050824403762817e-03 -1.427237540483474731e-01 -1.337057203054428101e-01
1.939395070075988770e+00 -9.673524647951126099e-03 2.897195816040039062e+00 2.240347385406494141e+00 -1.432624310255050659e-01 1.187981700897216797e+01 2.841497659683227539e+00 3.147163391113281250e+00 -1.751338504254817963e-02 -9.787240065634250641e-03 -1.430908590555191040e-01 -1.340665519237518311e-01
1.941944479942321777e+00 -9.689059108495712280e-03 2.901325464248657227e+00 2.245671749114990234e+00 -1.436501145362854004e-01 1.191323089599609375e+01 2.850725889205932617e+00 3.156849622726440430e+00 -1.762890815734863281e-02 -9.818466380238533020e-03 -1.434601545333862305e-01 -1.344285756349563599e-01
1.944594025611877441e+00 -9.704790078103542328e-03 2.905521392822265625e+00 2.250977277755737305e+00 -1.440390795469284058e-01 1.194674015045166016e+01 2.860012054443359375e+00 3.166589260101318359e+00 -1.774337887763977051e-02 -9.850514121353626251e-03 -1.438310742378234863e-01 -1.347921192646026611e-01
1.947238802909851074e+00 -9.719024412333965302e-03 2.909722089767456055e+00 2.256250858306884766e+00 -1.444278657436370850e-01 1.198028755187988281e+01 2.869255781173706055e+00 3.176307916641235352e+00 -1.785841956734657288e-02 -9.882807731628417969e-03 -1.442009061574935913e-01 -1.351545304059982300e-01
1.949883341789245605e+00 -9.733255952596664429e-03 2.913922071456909180e+00 2.261524438858032227e+00 -1.448166221380233765e-01 1.201383399963378906e+01 2.878499984741210938e+00 3.186027050018310547e+00 -1.797346398234367371e-02 -9.915094822645187378e-03 -1.445707678794860840e-01 -1.355169415473937988e-01
1.952495455741882324e+00 -9.749523364007472992e-03 2.918054342269897461e+00 2.266766786575317383e+00 -1.451998651027679443e-01 1.204682636260986328e+01 2.887668848037719727e+00 3.195631504058837891e+00 -1.808593794703483582e-02 -9.946546517312526703e-03 -1.449366956949234009e-01 -1.358756422996520996e-01
1.955140233039855957e+00 -9.763747453689575195e-03 2.922254800796508789e+00 2.272040367126464844e+00 -1.455886363983154297e-01 1.208037281036376953e+01 2.896913051605224609e+00 3.205349922180175781e+00 -1.820097863674163818e-02 -9.978838264942169189e-03 -1.453065425157546997e-01 -1.362380534410476685e-01
1.957789301872253418e+00 -9.779478423297405243e-03 2.926451683044433594e+00 2.277345657348632812e+00 -1.459776014089584351e-01 1.211388397216796875e+01 2.906198978424072266e+00 3.215089321136474609e+00 -1.831545494496822357e-02 -1.001088321208953857e-02 -1.456774622201919556e-01 -1.366015970706939697e-01
1.960434317588806152e+00 -9.793712757527828217e-03 2.930651903152465820e+00 2.282619476318359375e+00 -1.463663876056671143e-01 1.214743041992187500e+01 2.915442943572998047e+00 3.224807977676391602e+00 -1.843049190938472748e-02 -1.004317216575145721e-02 -1.460473239421844482e-01 -1.369640082120895386e-01
1.963083624839782715e+00 -9.809451177716255188e-03 2.934848546981811523e+00 2.287924528121948242e+00 -1.467553526163101196e-01 1.218094253540039062e+01 2.924729347229003906e+00 3.234548091888427734e+00 -1.854496635496616364e-02 -1.007522363215684891e-02 -1.464182287454605103e-01 -1.373275518417358398e-01
1.965728402137756348e+00 -9.823675267398357391e-03 2.939049720764160156e+00 2.293198823928833008e+00 -1.471441388130187988e-01 1.221448898315429688e+01 2.933972835540771484e+00 3.244266748428344727e+00 -1.866000518202781677e-02 -1.010751724243164062e-02 -1.467880904674530029e-01 -1.376899778842926025e-01
1.968377470970153809e+00 -9.839415550231933594e-03 2.943245410919189453e+00 2.298503637313842773e+00 -1.475330889225006104e-01 1.224799919128417969e+01 2.943259477615356445e+00 3.254005908966064453e+00 -1.877448335289955139e-02 -1.013955660164356232e-02 -1.471589952707290649e-01 -1.380535066127777100e-01
1.971022009849548340e+00 -9.853646159172058105e-03 2.947445869445800781e+00 2.303776979446411133e+00 -1.479218602180480957e-01 1.228154563903808594e+01 2.952503204345703125e+00 3.263724565505981445e+00 -1.888952031731605530e-02 -1.017185673117637634e-02 -1.475288569927215576e-01 -1.384159177541732788e-01
1.973667025566101074e+00 -9.867873974144458771e-03 2.951646804809570312e+00 2.309050559997558594e+00 -1.483106315135955811e-01 1.231509304046630859e+01 2.961746692657470703e+00 3.273443937301635742e+00 -1.900455914437770844e-02 -1.020414941012859344e-02 -1.478987038135528564e-01 -1.387783288955688477e-01
1.976278662681579590e+00 -9.884146973490715027e-03 2.955777645111083984e+00 2.314293146133422852e+00 -1.486938744783401489e-01 1.234808444976806641e+01 2.970915794372558594e+00 3.283047914505004883e+00 -1.911703310906887054e-02 -1.023558806627988815e-02 -1.482646167278289795e-01 -1.391370147466659546e-01
1.978923678398132324e+00 -9.898365475237369537e-03 2.959978818893432617e+00 2.319566965103149414e+00 -1.490826457738876343e-01 1.238163089752197266e+01 2.980159282684326172e+00 3.292766571044921875e+00 -1.923207566142082214e-02 -1.026788074523210526e-02 -1.486344635486602783e-01 -1.394994258880615234e-01
1.981572985649108887e+00 -9.914104826748371124e-03 2.964175701141357422e+00 2.324872732162475586e+00 -1.494716107845306396e-01 1.241514205932617188e+01 2.989445924758911133e+00 3.302506446838378906e+00 -1.934655196964740753e-02 -1.029993314296007156e-02 -1.490053832530975342e-01 -1.398629993200302124e-01
1.984217524528503418e+00 -9.928330779075622559e-03 2.968376398086547852e+00 2.330146074295043945e+00 -1.498603820800781250e-01 1.244868850708007812e+01 2.998689413070678711e+00 3.312224388122558594e+00 -1.946158893406391144e-02 -1.033222302794456482e-02 -1.493752300739288330e-01 -1.402253955602645874e-01
1.986866593360900879e+00 -9.944074787199497223e-03 2.972572565078735352e+00 2.335451841354370117e+00 -1.502493470907211304e-01 1.248219966888427734e+01 3.007975816726684570e+00 3.321964740753173828e+00 -1.957606337964534760e-02 -1.036427076905965805e-02 -1.497461646795272827e-01 -1.405889540910720825e-01
1.989511370658874512e+00 -9.958306327462196350e-03 2.976772785186767578e+00 2.340724706649780273e+00 -1.506381183862686157e-01 1.251574611663818359e+01 3.017219543457031250e+00 3.331682205200195312e+00 -1.969110034406185150e-02 -1.039655692875385284e-02 -1.501159965991973877e-01 -1.409513503313064575e-01
1.992160439491271973e+00 -9.974046610295772552e-03 2.980969429016113281e+00 2.346030473709106445e+00 -1.510270982980728149e-01 1.254925632476806641e+01 3.026505947113037109e+00 3.341422557830810547e+00 -1.980557106435298920e-02 -1.042860932648181915e-02 -1.504869163036346436e-01 -1.413149088621139526e-01
1.994805693626403809e+00 -9.988266043365001678e-03 2.985170602798461914e+00 2.351304054260253906e+00 -1.514158695936203003e-01 1.258280372619628906e+01 3.035749673843383789e+00 3.351140499114990234e+00 -1.992061175405979156e-02 -1.046090200543403625e-02 -1.508567631244659424e-01 -1.416773051023483276e-01
1.997450709342956543e+00 -1.000249199569225311e-02 2.989370822906494141e+00 2.356577157974243164e+00 -1.518046408891677856e-01 1.261635112762451172e+01 3.044993400573730469e+00 3.360860347747802734e+00 -2.003565244376659393e-02 -1.049319282174110413e-02 -1.512266099452972412e-01 -1.420397311449050903e-01
2.000062227249145508e+00 -1.001876313239336014e-02 2.993502616882324219e+00 2.361820459365844727e+00 -1.521878838539123535e-01 1.264934253692626953e+01 3.054162740707397461e+00 3.370464086532592773e+00 -2.014812827110290527e-02 -1.052463706582784653e-02 -1.515925377607345581e-01 -1.423984169960021973e-01
2.002706527709960938e+00 -1.003299839794635773e-02 2.997702598571777344e+00 2.367093563079833984e+00 -1.525766402482986450e-01 1.268288803100585938e+01 3.063405990600585938e+00 3.380182981491088867e+00 -2.026316151022911072e-02 -1.055692881345748901e-02 -1.519623696804046631e-01 -1.427608132362365723e-01
2.005355596542358398e+00 -1.004873123019933701e-02 3.001898765563964844e+00 2.372399330139160156e+00 -1.529656052589416504e-01 1.271639823913574219e+01 3.072692632675170898e+00 3.389922380447387695e+00 -2.037763595581054688e-02 -1.058897562325000763e-02 -1.523333042860031128e-01 -1.431243717670440674e-01
2.008000612258911133e+00 -1.006295904517173767e-02 3.006100177764892578e+00 2.377672672271728516e+00 -1.533544063568115234e-01 1.274994659423828125e+01 3.081936359405517578e+00 3.399641513824462891e+00 -2.049268409609794617e-02 -1.062127109616994858e-02 -1.527031511068344116e-01 -1.434867680072784424e-01
2.010649919509887695e+00 -1.007869560271501541e-02 3.010296821594238281e+00 2.382977962493896484e+00 -1.537433564662933350e-01 1.278345680236816406e+01 3.091222763061523438e+00 3.409380912780761719e+00 -2.060715109109878540e-02 -1.065331697463989258e-02 -1.530740559101104736e-01 -1.438503265380859375e-01
2.013294458389282227e+00 -1.009291596710681915e-02 3.014496564865112305e+00 2.388251066207885742e+00 -1.541321128606796265e-01 1.281700325012207031e+01 3.100466251373291016e+00 3.419099330902099609e+00 -2.072219550609588623e-02 -1.068560779094696045e-02 -1.534439176321029663e-01 -1.442127227783203125e-01
2.015943765640258789e+00 -1.010866183787584305e-02 3.018693685531616211e+00 2.393557310104370117e+00 -1.545210927724838257e-01 1.285051441192626953e+01 3.109752893447875977e+00 3.428839206695556641e+00 -2.083666436374187469e-02 -1.071765553206205368e-02 -1.538148373365402222e-01 -1.445762962102890015e-01
2.018588781356811523e+00 -1.012288406491279602e-02 3.022893905639648438e+00 2.398830652236938477e+00 -1.549098491668701172e-01 1.288406085968017578e+01 3.118996143341064453e+00 3.438557624816894531e+00 -2.095170505344867706e-02 -1.074994914233684540e-02 -1.541846692562103271e-01 -1.449386924505233765e-01
2.021233320236206055e+00 -1.013711467385292053e-02 3.027093887329101562e+00 2.404103279113769531e+00 -1.552986055612564087e-01 1.291760826110839844e+01 3.128239631652832031e+00 3.448276281356811523e+00 -2.106674946844577789e-02 -1.078223995864391327e-02 -1.545545011758804321e-01 -1.453010886907577515e-01
2.023845434188842773e+00 -1.015337929129600525e-02 3.031226396560668945e+00 2.409346818923950195e+00 -1.556819081306457520e-01 1.295060157775878906e+01 3.137409687042236328e+00 3.457880973815917969e+00 -2.117922343313694000e-02 -1.081368699669837952e-02 -1.549204587936401367e-01 -1.456598043441772461e-01
2.026490449905395508e+00 -1.016760431230068207e-02 3.035426616668701172e+00 2.414620399475097656e+00 -1.560706645250320435e-01 1.298414707183837891e+01 3.146652698516845703e+00 3.467599868774414062e+00 -2.129426412284374237e-02 -1.084598246961832047e-02 -1.552902907133102417e-01 -1.460222005844116211e-01
2.029139280319213867e+00 -1.018335483968257904e-02 3.039623260498046875e+00 2.419925689697265625e+00 -1.564595997333526611e-01 1.301765632629394531e+01 3.155939340591430664e+00 3.477338790893554688e+00 -2.140872925519943237e-02 -1.087803021073341370e-02 -1.556612104177474976e-01 -1.463857442140579224e-01
2.031805276870727539e+00 -1.019706483930349350e-02 3.043819189071655273e+00 2.425099611282348633e+00 -1.568484604358673096e-01 1.305114555358886719e+01 3.165235996246337891e+00 3.487118959426879883e+00 -2.152358926832675934e-02 -1.091036014258861542e-02 -1.560307592153549194e-01 -1.467474848031997681e-01
2.034586191177368164e+00 -1.020961254835128784e-02 3.047989845275878906e+00 2.429791212081909180e+00 -1.572378426790237427e-01 1.308429527282714844e+01 3.174850702285766602e+00 3.497239351272583008e+00 -2.163689583539962769e-02 -1.094268262386322021e-02 -1.563998758792877197e-01 -1.471068859100341797e-01
2.037363290786743164e+00 -1.022062543779611588e-02 3.052163362503051758e+00 2.434446096420288086e+00 -1.576270312070846558e-01 1.311747932434082031e+01 3.184424400329589844e+00 3.507341623306274414e+00 -2.175076864659786224e-02 -1.097525097429752350e-02 -1.567678898572921753e-01 -1.474651247262954712e-01
2.040144205093383789e+00 -1.023319084197282791e-02 3.056334972381591797e+00 2.439137697219848633e+00 -1.580164432525634766e-01 1.315062904357910156e+01 3.194038629531860352e+00 3.517461061477661133e+00 -2.186407521367073059e-02 -1.100757066160440445e-02 -1.571370214223861694e-01 -1.478245407342910767e-01
2.042921543121337891e+00 -1.024420745670795441e-02 3.060508966445922852e+00 2.443793058395385742e+00 -1.584056317806243896e-01 1.318381309509277344e+01 3.203612804412841797e+00 3.527563810348510742e+00 -2.197795175015926361e-02 -1.104013994336128235e-02 -1.575050354003906250e-01 -1.481827646493911743e-01
2.045698642730712891e+00 -1.025522965937852859e-02 3.064682722091674805e+00 2.448448181152343750e+00 -1.587948352098464966e-01 1.321699714660644531e+01 3.213186025619506836e+00 3.537665367126464844e+00 -2.209181711077690125e-02 -1.107270736247301102e-02 -1.578730493783950806e-01 -1.485410034656524658e-01
2.048479795455932617e+00 -1.026778109371662140e-02 3.068853378295898438e+00 2.453140020370483398e+00 -1.591842323541641235e-01 1.325014877319335938e+01 3.222800731658935547e+00 3.547785758972167969e+00 -2.220512554049491882e-02 -1.110503170639276505e-02 -1.582421809434890747e-01 -1.489004045724868774e-01
2.051217555999755859e+00 -1.027939934283494949e-02 3.072963714599609375e+00 2.457743167877197266e+00 -1.595677286386489868e-01 1.328281974792480469e+01 3.232252120971679688e+00 3.557746171951293945e+00 -2.231702022254467010e-02 -1.113698910921812057e-02 -1.586052477359771729e-01 -1.492538899183273315e-01
2.053998231887817383e+00 -1.029193960130214691e-02 3.077134132385253906e+00 2.462434291839599609e+00 -1.599571108818054199e-01 1.331596851348876953e+01 3.241866588592529297e+00 3.567866086959838867e+00 -2.243033051490783691e-02 -1.116931252181529999e-02 -1.589743643999099731e-01 -1.496132761240005493e-01
2.056775093078613281e+00 -1.030297018587589264e-02 3.081308603286743164e+00 2.467089653015136719e+00 -1.603462696075439453e-01 1.334915161132812500e+01 3.251439571380615234e+00 3.577967643737792969e+00 -2.254419960081577301e-02 -1.120187714695930481e-02 -1.593423783779144287e-01 -1.499715149402618408e-01
2.059555768966674805e+00 -1.031551696360111237e-02 3.085478782653808594e+00 2.471781015396118164e+00 -1.607356816530227661e-01 1.338230133056640625e+01 3.261054039001464844e+00 3.588087558746337891e+00 -2.265750616788864136e-02 -1.123420242220163345e-02 -1.597114950418472290e-01 -1.503309160470962524e-01
2.062333106994628906e+00 -1.032653916627168655e-02 3.089653253555297852e+00 2.476435899734497070e+00 -1.611248701810836792e-01 1.341548728942871094e+01 3.270628452301025391e+00 3.598190307617187500e+00 -2.277138829231262207e-02 -1.126676984131336212e-02 -1.600795090198516846e-01 -1.506891697645187378e-01
2.065113782882690430e+00 -1.033908315002918243e-02 3.093823671340942383e+00 2.481127500534057617e+00 -1.615142524242401123e-01 1.344863700866699219e+01 3.280242443084716797e+00 3.608309984207153320e+00 -2.288468740880489349e-02 -1.129908859729766846e-02 -1.604486405849456787e-01 -1.510485708713531494e-01
2.067891597747802734e+00 -1.035011187195777893e-02 3.097998142242431641e+00 2.485783100128173828e+00 -1.619034707546234131e-01 1.348182106018066406e+01 3.289816379547119141e+00 3.618412256240844727e+00 -2.299856394529342651e-02 -1.133166067302227020e-02 -1.608166694641113281e-01 -1.514068096876144409e-01
2.070668697357177734e+00 -1.036113314330577850e-02 3.102171659469604492e+00 2.490437746047973633e+00 -1.622926443815231323e-01 1.351500320434570312e+01 3.299390554428100586e+00 3.628514289855957031e+00 -2.311242930591106415e-02 -1.136422157287597656e-02 -1.611846834421157837e-01 -1.517650336027145386e-01
2.073449373245239258e+00 -1.037369389086961746e-02 3.106342315673828125e+00 2.495129108428955078e+00 -1.626820266246795654e-01 1.354815196990966797e+01 3.309004545211791992e+00 3.638634204864501953e+00 -2.322574146091938019e-02 -1.139654405415058136e-02 -1.615537852048873901e-01 -1.521244347095489502e-01
2.076186895370483398e+00 -1.038529537618160248e-02 3.110452413558959961e+00 2.499732732772827148e+00 -1.630655229091644287e-01 1.358082580566406250e+01 3.318455934524536133e+00 3.648594617843627930e+00 -2.333763986825942993e-02 -1.142850518226623535e-02 -1.619168668985366821e-01 -1.524779051542282104e-01
2.078967809677124023e+00 -1.039784960448741913e-02 3.114622592926025391e+00 2.504424095153808594e+00 -1.634549051523208618e-01 1.361397647857666016e+01 3.328070640563964844e+00 3.658715009689331055e+00 -2.345095016062259674e-02 -1.146082486957311630e-02 -1.622859686613082886e-01 -1.528373211622238159e-01
2.081745386123657227e+00 -1.040886342525482178e-02 3.118797063827514648e+00 2.509078979492187500e+00 -1.638441085815429688e-01 1.364715862274169922e+01 3.337644100189208984e+00 3.668816566467285156e+00 -2.356481552124023438e-02 -1.149339694529771805e-02 -1.626539975404739380e-01 -1.531955301761627197e-01
2.084526300430297852e+00 -1.042142696678638458e-02 3.122967720031738281e+00 2.513771057128906250e+00 -1.642334908246994019e-01 1.368030738830566406e+01 3.347258090972900391e+00 3.678936243057250977e+00 -2.367811463773250580e-02 -1.152571849524974823e-02 -1.630230993032455444e-01 -1.535549461841583252e-01
2.087303400039672852e+00 -1.043243892490863800e-02 3.127142190933227539e+00 2.518425703048706055e+00 -1.646226793527603149e-01 1.371349143981933594e+01 3.356831789016723633e+00 3.689038276672363281e+00 -2.379198558628559113e-02 -1.155828684568405151e-02 -1.633911281824111938e-01 -1.539131551980972290e-01
2.090084075927734375e+00 -1.044499967247247696e-02 3.131311893463134766e+00 2.523117303848266602e+00 -1.650120913982391357e-01 1.374664211273193359e+01 3.366446971893310547e+00 3.699159145355224609e+00 -2.390530146658420563e-02 -1.159060653299093246e-02 -1.637602597475051880e-01 -1.542725861072540283e-01
2.092860937118530273e+00 -1.045601908117532730e-02 3.135486602783203125e+00 2.527772188186645508e+00 -1.654012799263000488e-01 1.377982521057128906e+01 3.376020431518554688e+00 3.709260702133178711e+00 -2.401916682720184326e-02 -1.162317488342523575e-02 -1.641282588243484497e-01 -1.546307951211929321e-01
2.095638513565063477e+00 -1.046702917665243149e-02 3.139660835266113281e+00 2.532427549362182617e+00 -1.657904982566833496e-01 1.381301307678222656e+01 3.385594367980957031e+00 3.719363212585449219e+00 -2.413305267691612244e-02 -1.165574602782726288e-02 -1.644963026046752930e-01 -1.549890786409378052e-01
2.098419904708862305e+00 -1.047959178686141968e-02 3.143831014633178711e+00 2.537118673324584961e+00 -1.661798804998397827e-01 1.384615993499755859e+01 3.395208597183227539e+00 3.729483127593994141e+00 -2.424634806811809540e-02 -1.168806292116641998e-02 -1.648654192686080933e-01 -1.553484648466110229e-01
2.101157665252685547e+00 -1.049119792878627777e-02 3.147941589355468750e+00 2.541722536087036133e+00 -1.665633618831634521e-01 1.387883377075195312e+01 3.404659748077392578e+00 3.739443540573120117e+00 -2.435824647545814514e-02 -1.172002311795949936e-02 -1.652285009622573853e-01 -1.557019352912902832e-01
2.103937864303588867e+00 -1.050375308841466904e-02 3.152111530303955078e+00 2.546413898468017578e+00 -1.669527441263198853e-01 1.391198158264160156e+01 3.414274215698242188e+00 3.749563217163085938e+00 -2.447155863046646118e-02 -1.175234932452440262e-02 -1.655975878238677979e-01 -1.560613214969635010e-01
2.106715440750122070e+00 -1.051477249711751938e-02 3.156286239624023438e+00 2.551069021224975586e+00 -1.673419326543807983e-01 1.394516468048095703e+01 3.423847436904907227e+00 3.759665012359619141e+00 -2.458542585372924805e-02 -1.178491767495870590e-02 -1.659655869007110596e-01 -1.564195752143859863e-01
2.109495878219604492e+00 -1.052732300013303757e-02 3.160456180572509766e+00 2.555760145187377930e+00 -1.677313446998596191e-01 1.397831535339355469e+01 3.433462381362915039e+00 3.769785404205322266e+00 -2.469874359667301178e-02 -1.181723363697528839e-02 -1.663347333669662476e-01 -1.567789763212203979e-01
2.112273454666137695e+00 -1.053835265338420868e-02 3.164630413055419922e+00 2.560415267944335938e+00 -1.681205183267593384e-01 1.401149940490722656e+01 3.443036079406738281e+00 3.779887199401855469e+00 -2.481260709464550018e-02 -1.184980291873216629e-02 -1.667027473449707031e-01 -1.571372151374816895e-01
2.115054368972778320e+00 -1.055090129375457764e-02 3.168801307678222656e+00 2.565106868743896484e+00 -1.685099154710769653e-01 1.404464912414550781e+01 3.452650547027587891e+00 3.790007114410400391e+00 -2.492591738700866699e-02 -1.188212633132934570e-02 -1.670718789100646973e-01 -1.574966162443161011e-01
2.117940664291381836e+00 -1.055959798395633698e-02 3.173042297363281250e+00 2.569687604904174805e+00 -1.689013838768005371e-01 1.407803535461425781e+01 3.462297201156616211e+00 3.800283193588256836e+00 -2.503946796059608459e-02 -1.191564556211233139e-02 -1.674404740333557129e-01 -1.578554660081863403e-01
2.121114492416381836e+00 -1.056220382452011108e-02 3.177461624145507812e+00 2.574074268341064453e+00 -1.692988723516464233e-01 1.411195755004882812e+01 3.472137928009033203e+00 3.811017513275146484e+00 -2.515219151973724365e-02 -1.195169333368539810e-02 -1.678105890750885010e-01 -1.582159548997879028e-01
2.124297857284545898e+00 -1.056623551994562149e-02 3.181879997253417969e+00 2.578493595123291016e+00 -1.696966737508773804e-01 1.414585494995117188e+01 3.482021808624267578e+00 3.821776628494262695e+00 -2.526434324681758881e-02 -1.198753807693719864e-02 -1.681818366050720215e-01 -1.585776507854461670e-01
2.127428293228149414e+00 -1.056949794292449951e-02 3.186233282089233398e+00 2.582830190658569336e+00 -1.700883507728576660e-01 1.417925643920898438e+01 3.491736888885498047e+00 3.832362651824951172e+00 -2.537509426474571228e-02 -1.202293392270803452e-02 -1.685469597578048706e-01 -1.589333564043045044e-01
2.130611181259155273e+00 -1.057352125644683838e-02 3.190651416778564453e+00 2.587249279022216797e+00 -1.704861223697662354e-01 1.421315193176269531e+01 3.501620292663574219e+00 3.843122482299804688e+00 -2.548724040389060974e-02 -1.205877959728240967e-02 -1.689182072877883911e-01 -1.592950373888015747e-01
2.133785247802734375e+00 -1.057612430304288864e-02 3.195070266723632812e+00 2.591635465621948242e+00 -1.708836108446121216e-01 1.424707412719726562e+01 3.511460304260253906e+00 3.853856325149536133e+00 -2.559996582567691803e-02 -1.209481712430715561e-02 -1.692883074283599854e-01 -1.596555262804031372e-01
2.136968135833740234e+00 -1.058013923466205597e-02 3.199488401412963867e+00 2.596054315567016602e+00 -1.712813526391983032e-01 1.428096771240234375e+01 3.521344423294067383e+00 3.864615440368652344e+00 -2.571210265159606934e-02 -1.213065814226865768e-02 -1.696595102548599243e-01 -1.600171774625778198e-01
2.140142202377319336e+00 -1.058275159448385239e-02 3.203907489776611328e+00 2.600440263748168945e+00 -1.716788411140441895e-01 1.431488895416259766e+01 3.531184673309326172e+00 3.875349760055541992e+00 -2.582482807338237762e-02 -1.216669101268053055e-02 -1.700296550989151001e-01 -1.603776663541793823e-01
2.143325090408325195e+00 -1.058676559478044510e-02 3.208327293395996094e+00 2.604860067367553711e+00 -1.720766276121139526e-01 1.434878730773925781e+01 3.541068315505981445e+00 3.886108398437500000e+00 -2.593697421252727509e-02 -1.220254041254520416e-02 -1.704009026288986206e-01 -1.607393622398376465e-01
2.146499395370483398e+00 -1.058937795460224152e-02 3.212745666503906250e+00 2.609245538711547852e+00 -1.724741011857986450e-01 1.438270664215087891e+01 3.550908327102661133e+00 3.896842002868652344e+00 -2.604969590902328491e-02 -1.223858073353767395e-02 -1.707710027694702148e-01 -1.610998511314392090e-01
2.149673223495483398e+00 -1.059197541326284409e-02 3.217164516448974609e+00 2.613631963729858398e+00 -1.728715896606445312e-01 1.441662788391113281e+01 3.560748577117919922e+00 3.907576084136962891e+00 -2.616241946816444397e-02 -1.227462012320756912e-02 -1.711411178112030029e-01 -1.614603400230407715e-01
2.152856349945068359e+00 -1.059600058943033218e-02 3.221583127975463867e+00 2.618050813674926758e+00 -1.732693463563919067e-01 1.445052528381347656e+01 3.570632457733154297e+00 3.918335437774658203e+00 -2.627457119524478912e-02 -1.231046300381422043e-02 -1.715123504400253296e-01 -1.618220061063766479e-01
2.155987024307250977e+00 -1.059925742447376251e-02 3.225934982299804688e+00 2.622387886047363281e+00 -1.736610531806945801e-01 1.448392772674560547e+01 3.580347537994384766e+00 3.928922176361083984e+00 -2.638532035052776337e-02 -1.234586909413337708e-02 -1.718774884939193726e-01 -1.621777117252349854e-01
2.159169435501098633e+00 -1.060328911989927292e-02 3.230353355407714844e+00 2.626807212829589844e+00 -1.740588098764419556e-01 1.451782226562500000e+01 3.590231180191040039e+00 3.939681529998779297e+00 -2.649746835231781006e-02 -1.238170359283685684e-02 -1.722487211227416992e-01 -1.625394076108932495e-01
2.162343740463256836e+00 -1.060589775443077087e-02 3.234772920608520508e+00 2.631193161010742188e+00 -1.744563132524490356e-01 1.455174541473388672e+01 3.600071668624877930e+00 3.950415134429931641e+00 -2.661019191145896912e-02 -1.241774577647447586e-02 -1.726188659667968750e-01 -1.628999114036560059e-01
2.165526628494262695e+00 -1.060991361737251282e-02 3.239191532135009766e+00 2.635612249374389648e+00 -1.748540699481964111e-01 1.458563995361328125e+01 3.609955072402954102e+00 3.961174488067626953e+00 -2.672233991324901581e-02 -1.245359051972627640e-02 -1.729900836944580078e-01 -1.632615774869918823e-01
2.168700456619262695e+00 -1.061252132058143616e-02 3.243610382080078125e+00 2.639998197555541992e+00 -1.752515435218811035e-01 1.461955928802490234e+01 3.619794845581054688e+00 3.971907615661621094e+00 -2.683504484593868256e-02 -1.248962618410587311e-02 -1.733601838350296021e-01 -1.636220514774322510e-01
2.171883583068847656e+00 -1.061653811484575272e-02 3.248029232025146484e+00 2.644417524337768555e+00 -1.756493300199508667e-01 1.465345573425292969e+01 3.629678726196289062e+00 3.982667446136474609e+00 -2.694720029830932617e-02 -1.252546627074480057e-02 -1.737314164638519287e-01 -1.639837473630905151e-01
2.175057649612426758e+00 -1.061913929879665375e-02 3.252448320388793945e+00 2.648803710937500000e+00 -1.760467886924743652e-01 1.468737888336181641e+01 3.639518737792968750e+00 3.993401050567626953e+00 -2.705992572009563446e-02 -1.256151311099529266e-02 -1.741015464067459106e-01 -1.643442362546920776e-01
2.178231954574584961e+00 -1.062174327671527863e-02 3.256866931915283203e+00 2.653189897537231445e+00 -1.764442771673202515e-01 1.472130012512207031e+01 3.649359464645385742e+00 4.004134654998779297e+00 -2.717264555394649506e-02 -1.259755436331033707e-02 -1.744716465473175049e-01 -1.647047251462936401e-01
2.181414365768432617e+00 -1.062575541436672211e-02 3.261286020278930664e+00 2.657608747482299805e+00 -1.768420487642288208e-01 1.475519561767578125e+01 3.659242391586303711e+00 4.014894008636474609e+00 -2.728479355573654175e-02 -1.263339444994926453e-02 -1.748428940773010254e-01 -1.650664061307907104e-01
2.184545278549194336e+00 -1.062902994453907013e-02 3.265638351440429688e+00 2.661945581436157227e+00 -1.772337704896926880e-01 1.478859806060791016e+01 3.668958187103271484e+00 4.025481224060058594e+00 -2.739554829895496368e-02 -1.266879867762327194e-02 -1.752080470323562622e-01 -1.654221266508102417e-01
2.187728643417358398e+00 -1.063304953277111053e-02 3.270056724548339844e+00 2.666365146636962891e+00 -1.776315122842788696e-01 1.482249259948730469e+01 3.678841352462768555e+00 4.036239624023437500e+00 -2.750768512487411499e-02 -1.270463783293962479e-02 -1.755792349576950073e-01 -1.657837629318237305e-01
2.190902471542358398e+00 -1.063564978539943695e-02 3.274476051330566406e+00 2.670751094818115234e+00 -1.780289858579635620e-01 1.485641384124755859e+01 3.688681125640869141e+00 4.046972751617431641e+00 -2.762041054666042328e-02 -1.274068001657724380e-02 -1.759493798017501831e-01 -1.661442518234252930e-01
2.194084882736206055e+00 -1.063968520611524582e-02 3.278894424438476562e+00 2.675170421600341797e+00 -1.784267574548721313e-01 1.489031028747558594e+01 3.698565244674682617e+00 4.057732582092285156e+00 -2.773256227374076843e-02 -1.277651637792587280e-02 -1.763206124305725098e-01 -1.665059626102447510e-01
2.197259187698364258e+00 -1.064228266477584839e-02 3.283312797546386719e+00 2.679556608200073242e+00 -1.788242459297180176e-01 1.492423057556152344e+01 3.708405494689941406e+00 4.068466663360595703e+00 -2.784527651965618134e-02 -1.281256042420864105e-02 -1.766907274723052979e-01 -1.668664515018463135e-01
2.200442075729370117e+00 -1.064631342887878418e-02 3.287731409072875977e+00 2.683975458145141602e+00 -1.792220026254653931e-01 1.495812606811523438e+01 3.718289375305175781e+00 4.079226016998291016e+00 -2.795742452144622803e-02 -1.284839585423469543e-02 -1.770619302988052368e-01 -1.672281175851821899e-01
2.203616142272949219e+00 -1.064890343695878983e-02 3.292150735855102539e+00 2.688361406326293945e+00 -1.796195060014724731e-01 1.499204826354980469e+01 3.728129386901855469e+00 4.089960098266601562e+00 -2.807014808058738708e-02 -1.288443990051746368e-02 -1.774320751428604126e-01 -1.675886064767837524e-01
2.206790208816528320e+00 -1.065150462090969086e-02 3.296569347381591797e+00 2.692747592926025391e+00 -1.800169646739959717e-01 1.502596855163574219e+01 3.737969398498535156e+00 4.100693702697753906e+00 -2.818286791443824768e-02 -1.292048022150993347e-02 -1.778021901845932007e-01 -1.679490953683853149e-01
2.209973096847534180e+00 -1.065553538501262665e-02 3.300988674163818359e+00 2.697166681289672852e+00 -1.804147511720657349e-01 1.505986595153808594e+01 3.747853517532348633e+00 4.111453056335449219e+00 -2.829501964151859283e-02 -1.295632496476173401e-02 -1.781734228134155273e-01 -1.683108061552047729e-01
2.213104009628295898e+00 -1.065880712121725082e-02 3.305340528488159180e+00 2.701503276824951172e+00 -1.808064430952072144e-01 1.509326648712158203e+01 3.757567882537841797e+00 4.122038364410400391e+00 -2.840576507151126862e-02 -1.299172174185514450e-02 -1.785385459661483765e-01 -1.686664670705795288e-01
2.216286659240722656e+00 -1.066282577812671661e-02 3.309759140014648438e+00 2.705922365188598633e+00 -1.812042146921157837e-01 1.512716293334960938e+01 3.767452239990234375e+00 4.132798671722412109e+00 -2.851791307330131531e-02 -1.302756369113922119e-02 -1.789097934961318970e-01 -1.690281629562377930e-01
2.219460964202880859e+00 -1.066542137414216995e-02 3.314178466796875000e+00 2.710308551788330078e+00 -1.816016882658004761e-01 1.516108417510986328e+01 3.777292251586914062e+00 4.143531322479248047e+00 -2.863064222037792206e-02 -1.306361053138971329e-02 -1.792799085378646851e-01 -1.693886518478393555e-01
2.222643852233886719e+00 -1.066945027559995651e-02 3.318596363067626953e+00 2.714727878570556641e+00 -1.819994449615478516e-01 1.519498062133789062e+01 3.787176370620727539e+00 4.154291629791259766e+00 -2.874278463423252106e-02 -1.309944875538349152e-02 -1.796511411666870117e-01 -1.697503477334976196e-01
2.225817680358886719e+00 -1.067205891013145447e-02 3.323015689849853516e+00 2.719113826751708984e+00 -1.823969483375549316e-01 1.522889995574951172e+01 3.797016143798828125e+00 4.165025234222412109e+00 -2.885550633072853088e-02 -1.313548814505338669e-02 -1.800212562084197998e-01 -1.701108366250991821e-01
