3.676759958267211914e+00 6.449380874633789062e+00 -1.418180949985980988e-02
3.709199190139770508e+00 6.490427970886230469e+00 -1.421118248254060745e-02
3.741343736648559570e+00 6.531608104705810547e+00 -1.424043159931898117e-02
3.773494958877563477e+00 6.572784423828125000e+00 -1.426970958709716797e-02
3.805926561355590820e+00 6.613830566406250000e+00 -1.429905369877815247e-02
3.837734460830688477e+00 6.654333114624023438e+00 -1.432791166007518768e-02
3.870165109634399414e+00 6.695383548736572266e+00 -1.435729488730430603e-02
3.902319192886352539e+00 6.736558914184570312e+00 -1.438654400408267975e-02
3.934750795364379883e+00 6.777610778808593750e+00 -1.441591698676347733e-02
3.966902017593383789e+00 6.818789958953857422e+00 -1.444517541676759720e-02
3.999329805374145508e+00 6.859841346740722656e+00 -1.447454933077096939e-02
4.031482219696044922e+00 6.901012897491455078e+00 -1.450379844754934311e-02
4.063626766204833984e+00 6.942192554473876953e+00 -1.453302800655364990e-02
4.096059322357177734e+00 6.983244895935058594e+00 -1.456242986023426056e-02
4.133357524871826172e+00 7.019445896148681641e+00 -1.459776330739259720e-02
4.178924083709716797e+00 7.050205707550048828e+00 -1.464265305548906326e-02
4.224075794219970703e+00 7.081194400787353516e+00 -1.468725688755512238e-02
4.269650936126708984e+00 7.111956596374511719e+00 -1.473210752010345459e-02
4.314799785614013672e+00 7.142943859100341797e+00 -1.477672997862100601e-02
4.360362529754638672e+00 7.173705101013183594e+00 -1.482158154249191284e-02
4.405517101287841797e+00 7.204692363739013672e+00 -1.486618444323539734e-02
4.450679302215576172e+00 7.235683441162109375e+00 -1.491080690175294876e-02
4.496245861053466797e+00 7.266440391540527344e+00 -1.495564915239810944e-02
4.540923595428466797e+00 7.296862602233886719e+00 -1.499972771853208542e-02
4.586491107940673828e+00 7.327626228332519531e+00 -1.504462677985429764e-02
4.631642818450927734e+00 7.358609676361083984e+00 -1.508922036737203598e-02
4.677206516265869141e+00 7.389376640319824219e+00 -1.513410080224275589e-02
4.722362041473388672e+00 7.420355796813964844e+00 -1.517869438976049423e-02
4.767927646636962891e+00 7.451122283935546875e+00 -1.522355526685714722e-02
4.813086032867431641e+00 7.482107639312744141e+00 -1.526817772537469864e-02
4.858240604400634766e+00 7.513094902038574219e+00 -1.531279087066650391e-02
4.903805255889892578e+00 7.543858528137207031e+00 -1.535763218998908997e-02
4.948490619659423828e+00 7.574273586273193359e+00 -1.540170144289731979e-02
4.994055271148681641e+00 7.605035305023193359e+00 -1.544658187776803970e-02
5.039209842681884766e+00 7.636024951934814453e+00 -1.549119409173727036e-02
5.084779262542724609e+00 7.666787147521972656e+00 -1.553607452660799026e-02
5.129927158355712891e+00 7.697770595550537109e+00 -1.558064948767423630e-02
5.175500392913818359e+00 7.728535652160644531e+00 -1.562552899122238159e-02
5.220646381378173828e+00 7.759522438049316406e+00 -1.567015051841735840e-02
5.265799999237060547e+00 7.790514469146728516e+00 -1.571475528180599213e-02
5.311374187469482422e+00 7.821272850036621094e+00 -1.575966365635395050e-02
5.356050968170166016e+00 7.851688385009765625e+00 -1.580370403826236725e-02
5.401625156402587891e+00 7.882452487945556641e+00 -1.584856398403644562e-02
5.446776866912841797e+00 7.913437366485595703e+00 -1.589316874742507935e-02
5.492347240447998047e+00 7.944199562072753906e+00 -1.593804731965065002e-02
5.537491321563720703e+00 7.975185871124267578e+00 -1.598264090716838837e-02
5.583065509796142578e+00 8.005950927734375000e+00 -1.602752134203910828e-02
5.628214359283447266e+00 8.036940574645996094e+00 -1.607212424278259277e-02
5.673372745513916016e+00 8.067927360534667969e+00 -1.611674763262271881e-02
5.718934535980224609e+00 8.098690986633300781e+00 -1.616163738071918488e-02
5.763618946075439453e+00 8.129101753234863281e+00 -1.620567776262760162e-02
5.809181690216064453e+00 8.159867286682128906e+00 -1.625056751072406769e-02
5.854333400726318359e+00 8.190853118896484375e+00 -1.629517972469329834e-02
5.899906635284423828e+00 8.221617698669433594e+00 -1.634000241756439209e-02
5.945064067840576172e+00 8.252604484558105469e+00 -1.638463512063026428e-02
5.990629673004150391e+00 8.283365249633789062e+00 -1.642950437963008881e-02
6.035776615142822266e+00 8.314352989196777344e+00 -1.647409796714782715e-02
6.080933094024658203e+00 8.345342636108398438e+00 -1.651873998343944550e-02
6.126505374908447266e+00 8.376105308532714844e+00 -1.656360179185867310e-02
6.171185016632080078e+00 8.406517982482910156e+00 -1.660766080021858215e-02
6.216753482818603516e+00 8.437281608581542969e+00 -1.665254123508930206e-02
6.261904239654541016e+00 8.468267440795898438e+00 -1.669717207551002502e-02
6.307472705841064453e+00 8.499029159545898438e+00 -1.674197614192962646e-02
6.352625370025634766e+00 8.530016899108886719e+00 -1.678660884499549866e-02
6.398187160491943359e+00 8.560778617858886719e+00 -1.683150790631771088e-02
6.443346500396728516e+00 8.591771125793457031e+00 -1.687609218060970306e-02
6.488504886627197266e+00 8.622755050659179688e+00 -1.692072302103042603e-02
6.534065723419189453e+00 8.653519630432128906e+00 -1.696556620299816132e-02
6.578749179840087891e+00 8.683931350708007812e+00 -1.700963452458381653e-02
6.624318599700927734e+00 8.714694023132324219e+00 -1.705448515713214874e-02
6.669470310211181641e+00 8.745683670043945312e+00 -1.709912717342376709e-02
6.715042591094970703e+00 8.776441574096679688e+00 -1.714397780597209930e-02
6.758402347564697266e+00 8.806318283081054688e+00 -1.718853414058685303e-02
6.800655841827392578e+00 8.835011482238769531e+00 -1.723328046500682831e-02
6.842609882354736328e+00 8.864006042480468750e+00 -1.727775111794471741e-02
6.884566783905029297e+00 8.892996788024902344e+00 -1.732224039733409882e-02
6.926814556121826172e+00 8.921689033508300781e+00 -1.736697554588317871e-02
6.968282222747802734e+00 8.950105667114257812e+00 -1.741095073521137238e-02
7.010537624359130859e+00 8.978796958923339844e+00 -1.745565794408321381e-02
7.052483081817626953e+00 9.007791519165039062e+00 -1.750015653669834137e-02
7.094737529754638672e+00 9.036480903625488281e+00 -1.754490286111831665e-02
7.136688709259033203e+00 9.065476417541503906e+00 -1.758939214050769806e-02
7.178942203521728516e+00 9.094173431396484375e+00 -1.763413846492767334e-02
7.220891475677490234e+00 9.123157501220703125e+00 -1.767861843109130859e-02
7.262837886810302734e+00 9.152151107788085938e+00 -1.772312633693218231e-02
7.305095195770263672e+00 9.180842399597167969e+00 -1.776785403490066528e-02
7.346568584442138672e+00 9.209253311157226562e+00 -1.781176961958408356e-02
7.388819217681884766e+00 9.237955093383789062e+00 -1.785652525722980499e-02
7.430771350860595703e+00 9.266943931579589844e+00 -1.790103316307067871e-02
7.473021030426025391e+00 9.295634269714355469e+00 -1.794576086103916168e-02
7.514974117279052734e+00 9.324628829956054688e+00 -1.799024082720279694e-02
7.557223796844482422e+00 9.353323936462402344e+00 -1.803498715162277222e-02
7.599174022674560547e+00 9.382307052612304688e+00 -1.807947643101215363e-02
7.641126155853271484e+00 9.411304473876953125e+00 -1.812395453453063965e-02
7.683380603790283203e+00 9.439996719360351562e+00 -1.816868223249912262e-02
7.725337505340576172e+00 9.468992233276367188e+00 -1.821321062743663788e-02
7.767103672027587891e+00 9.497104644775390625e+00 -1.825738325715065002e-02
7.809053897857666016e+00 9.526097297668457031e+00 -1.830188184976577759e-02
7.851299762725830078e+00 9.554789543151855469e+00 -1.834661886096000671e-02
7.893255710601806641e+00 9.583777427673339844e+00 -1.839106902480125427e-02
7.935511112213134766e+00 9.612474441528320312e+00 -1.843583583831787109e-02
7.977457523345947266e+00 9.641468048095703125e+00 -1.848031394183635712e-02
8.019707679748535156e+00 9.670162200927734375e+00 -1.852509938180446625e-02
8.061655044555664062e+00 9.699155807495117188e+00 -1.856957934796810150e-02
8.103601455688476562e+00 9.728146553039550781e+00 -1.861404813826084137e-02
8.145381927490234375e+00 9.756263732910156250e+00 -1.865825057029724121e-02
8.187333106994628906e+00 9.785246849060058594e+00 -1.870273053646087646e-02
8.229575157165527344e+00 9.813950538635253906e+00 -1.874750480055809021e-02
8.271533012390136719e+00 9.842937469482421875e+00 -1.879195682704448700e-02
8.313784599304199219e+00 9.871632575988769531e+00 -1.883671246469020844e-02
8.355735778808593750e+00 9.900622367858886719e+00 -1.888119243085384369e-02
8.397983551025390625e+00 9.929324150085449219e+00 -1.892598532140254974e-02
8.439943313598632812e+00 9.958310127258300781e+00 -1.897043734788894653e-02
8.481892585754394531e+00 9.987302780151367188e+00 -1.901489682495594025e-02
8.523662567138671875e+00 1.001541900634765625e+01 -1.905916631221771240e-02
8.565618515014648438e+00 1.004440879821777344e+01 -1.910359784960746765e-02
8.607868194580078125e+00 1.007310009002685547e+01 -1.914834417402744293e-02
8.649814605712890625e+00 1.010209178924560547e+01 -1.919285207986831665e-02
8.692073822021484375e+00 1.013078117370605469e+01 -1.923754252493381500e-02
8.734024047851562500e+00 1.015977478027343750e+01 -1.928206905722618103e-02
8.776273727416992188e+00 1.018847179412841797e+01 -1.932682469487190247e-02
8.818227767944335938e+00 1.021746349334716797e+01 -1.937125623226165771e-02
8.860176086425781250e+00 1.024645614624023438e+01 -1.941580325365066528e-02
8.901950836181640625e+00 1.027456855773925781e+01 -1.945996657013893127e-02
8.943895339965820312e+00 1.030356121063232422e+01 -1.950446516275405884e-02
8.986145019531250000e+00 1.033225727081298828e+01 -1.954923197627067566e-02
9.028100967407226562e+00 1.036124324798583984e+01 -1.959369145333766937e-02
9.070350646972656250e+00 1.038994312286376953e+01 -1.963842846453189850e-02
9.112298965454101562e+00 1.041893482208251953e+01 -1.968295499682426453e-02
9.154558181762695312e+00 1.044762229919433594e+01 -1.972764357924461365e-02
9.196508407592773438e+00 1.047661781311035156e+01 -1.977214217185974121e-02
9.238454818725585938e+00 1.050560379028320312e+01 -1.981663145124912262e-02
9.280233383178710938e+00 1.053372192382812500e+01 -1.986085437238216400e-02
9.322189331054687500e+00 1.056271648406982422e+01 -1.990534178912639618e-02
9.364429473876953125e+00 1.059140872955322266e+01 -1.995006017386913300e-02
9.406387329101562500e+00 1.062040138244628906e+01 -1.999455876648426056e-02
9.448633193969726562e+00 1.064910030364990234e+01 -2.003932371735572815e-02
9.490585327148437500e+00 1.067808532714843750e+01 -2.008381299674510956e-02
9.532842636108398438e+00 1.070678520202636719e+01 -2.012851275503635406e-02
9.574789047241210938e+00 1.073576927185058594e+01 -2.017302997410297394e-02
9.616733551025390625e+00 1.076475811004638672e+01 -2.021749876439571381e-02
9.658514022827148438e+00 1.079287815093994141e+01 -2.026170119643211365e-02
9.700464248657226562e+00 1.082186698913574219e+01 -2.030615322291851044e-02
9.742715835571289062e+00 1.085056686401367188e+01 -2.035093680024147034e-02
9.784660339355468750e+00 1.087955856323242188e+01 -2.039541676640510559e-02
9.826919555664062500e+00 1.090825080871582031e+01 -2.044014446437358856e-02
9.868867874145507812e+00 1.093723964691162109e+01 -2.048465237021446228e-02
9.911119461059570312e+00 1.096593475341796875e+01 -2.052937075495719910e-02
9.953073501586914062e+00 1.099492835998535156e+01 -2.057387866079807281e-02
9.995023727416992188e+00 1.102391719818115234e+01 -2.061834745109081268e-02
1.003679656982421875e+01 1.105203914642333984e+01 -2.066257968544960022e-02
1.008435249328613281e+01 1.107394790649414062e+01 -2.071306668221950531e-02
1.013332176208496094e+01 1.109414577484130859e+01 -2.076497487723827362e-02
1.018196678161621094e+01 1.111468887329101562e+01 -2.081657759845256805e-02
1.023093986511230469e+01 1.113488483428955078e+01 -2.086852490901947021e-02
1.027957344055175781e+01 1.115543270111083984e+01 -2.092014811933040619e-02
1.032854652404785156e+01 1.117562484741210938e+01 -2.097210288047790527e-02
1.037718009948730469e+01 1.119616889953613281e+01 -2.102374471724033356e-02
1.042583274841308594e+01 1.121670913696289062e+01 -2.107531949877738953e-02
1.047424125671386719e+01 1.123643779754638672e+01 -2.112664654850959778e-02
1.052288627624511719e+01 1.125698184967041016e+01 -2.117829769849777222e-02
1.057185935974121094e+01 1.127718067169189453e+01 -2.123020589351654053e-02
1.062048721313476562e+01 1.129772090911865234e+01 -2.128185704350471497e-02
1.066946220397949219e+01 1.131792449951171875e+01 -2.133375592529773712e-02
1.071809768676757812e+01 1.133846187591552734e+01 -2.138538844883441925e-02
1.076708030700683594e+01 1.135866546630859375e+01 -2.143735438585281372e-02
1.081570816040039062e+01 1.137920665740966797e+01 -2.148896642029285431e-02
1.086435699462890625e+01 1.139974689483642578e+01 -2.154058963060379028e-02
1.091276931762695312e+01 1.141947650909423828e+01 -2.159184962511062622e-02
1.096140289306640625e+01 1.144001770019531250e+01 -2.164351008832454681e-02
1.101038169860839844e+01 1.146022033691406250e+01 -2.169545553624629974e-02
1.105901336669921875e+01 1.148075962066650391e+01 -2.174707874655723572e-02
1.110799789428710938e+01 1.150095653533935547e+01 -2.179900556802749634e-02
1.115662956237792969e+01 1.152150058746337891e+01 -2.185061946511268616e-02
1.120560455322265625e+01 1.154170322418212891e+01 -2.190259471535682678e-02
1.125424385070800781e+01 1.156224632263183594e+01 -2.195416949689388275e-02
1.130287933349609375e+01 1.158278369903564453e+01 -2.200577221810817719e-02
1.135129928588867188e+01 1.160251617431640625e+01 -2.205713652074337006e-02
1.139993095397949219e+01 1.162305641174316406e+01 -2.210875973105430603e-02
1.144890403747558594e+01 1.164325523376464844e+01 -2.216067723929882050e-02
1.149755287170410156e+01 1.166379642486572266e+01 -2.221229113638401031e-02
1.154652786254882812e+01 1.168400192260742188e+01 -2.226422727108001709e-02
1.159515380859375000e+01 1.170453929901123047e+01 -2.231588773429393768e-02
1.164413452148437500e+01 1.172474384307861328e+01 -2.236778661608695984e-02
1.169276428222656250e+01 1.174528121948242188e+01 -2.241940982639789581e-02
1.174140930175781250e+01 1.176582241058349609e+01 -2.247108891606330872e-02
1.178983306884765625e+01 1.178555107116699219e+01 -2.252234891057014465e-02
1.183846282958984375e+01 1.180609512329101562e+01 -2.257400937378406525e-02
1.188743782043457031e+01 1.182628917694091797e+01 -2.262589894235134125e-02
1.193607139587402344e+01 1.184683609008789062e+01 -2.267754077911376953e-02
1.198504638671875000e+01 1.186703586578369141e+01 -2.272947691380977631e-02
1.203368186950683594e+01 1.188757514953613281e+01 -2.278110943734645844e-02
1.208265876770019531e+01 1.190778160095214844e+01 -2.283304557204246521e-02
1.213129615783691406e+01 1.192831897735595703e+01 -2.288466878235340118e-02
1.217993164062500000e+01 1.194885921478271484e+01 -2.293631993234157562e-02
1.222834205627441406e+01 1.196858692169189453e+01 -2.298757992684841156e-02
1.227698516845703125e+01 1.198912906646728516e+01 -2.303922176361083984e-02
1.232595825195312500e+01 1.200932693481445312e+01 -2.309119701385498047e-02
1.237460327148437500e+01 1.202987003326416016e+01 -2.314279973506927490e-02
1.242356681823730469e+01 1.205007171630859375e+01 -2.319474704563617706e-02
1.247220993041992188e+01 1.207061100006103516e+01 -2.324634976685047150e-02
1.252117729187011719e+01 1.209082031250000000e+01 -2.329829707741737366e-02
1.256982612609863281e+01 1.211135864257812500e+01 -2.334990911185741425e-02
1.261846542358398438e+01 1.213190174102783203e+01 -2.340156026184558868e-02
1.266688728332519531e+01 1.215162849426269531e+01 -2.345284819602966309e-02
1.271551513671875000e+01 1.217216587066650391e+01 -2.350447140634059906e-02
1.276448822021484375e+01 1.219237327575683594e+01 -2.355639822781085968e-02
1.281312942504882812e+01 1.221290493011474609e+01 -2.360801212489604950e-02
1.286210441589355469e+01 1.223311424255371094e+01 -2.365992963314056396e-02
1.291073799133300781e+01 1.225365161895751953e+01 -2.371156215667724609e-02
1.295971488952636719e+01 1.227385520935058594e+01 -2.376351691782474518e-02
1.300834655761718750e+01 1.229439544677734375e+01 -2.381516806781291962e-02
1.305698394775390625e+01 1.231493568420410156e+01 -2.386680059134960175e-02
1.310539817810058594e+01 1.233466148376464844e+01 -2.391811832785606384e-02
1.315403366088867188e+01 1.235520744323730469e+01 -2.396973967552185059e-02
1.320302391052246094e+01 1.237541007995605469e+01 -2.402165904641151428e-02
1.325165557861328125e+01 1.239594650268554688e+01 -2.407327108085155487e-02
1.330062866210937500e+01 1.241615200042724609e+01 -2.412522770464420319e-02
1.334926605224609375e+01 1.243668651580810547e+01 -2.417680248618125916e-02
1.339824104309082031e+01 1.245689010620117188e+01 -2.422873862087726593e-02
1.344688034057617188e+01 1.247743511199951172e+01 -2.428038977086544037e-02
1.349551582336425781e+01 1.249796867370605469e+01 -2.433200366795063019e-02
1.354393959045410156e+01 1.251770019531250000e+01 -2.438334934413433075e-02
1.359257125854492188e+01 1.253823852539062500e+01 -2.443494275212287903e-02
1.364153671264648438e+01 1.255844497680664062e+01 -2.448686026036739349e-02
1.369017601013183594e+01 1.257898712158203125e+01 -2.453850209712982178e-02
1.373915481567382812e+01 1.259918403625488281e+01 -2.459042891860008240e-02
1.378779411315917969e+01 1.261973094940185547e+01 -2.464208938181400299e-02
1.383676147460937500e+01 1.263993072509765625e+01 -2.469402737915515900e-02
1.388540458679199219e+01 1.266047382354736328e+01 -2.474566921591758728e-02
1.393404388427734375e+01 1.268100738525390625e+01 -2.479724399745464325e-02
1.398246574401855469e+01 1.270073699951171875e+01 -2.484854124486446381e-02
1.403109359741210938e+01 1.272127628326416016e+01 -2.490022219717502594e-02
1.408006858825683594e+01 1.274148082733154297e+01 -2.495210990309715271e-02
1.412870597839355469e+01 1.276202583312988281e+01 -2.500376105308532715e-02
1.417768287658691406e+01 1.278222179412841797e+01 -2.505570836365222931e-02
1.422632026672363281e+01 1.280276679992675781e+01 -2.510732039809226990e-02
1.427528381347656250e+01 1.282296466827392578e+01 -2.515923045575618744e-02
1.432393455505371094e+01 1.284350490570068359e+01 -2.521089091897010803e-02
1.437257575988769531e+01 1.286404991149902344e+01 -2.526247501373291016e-02
1.442155265808105469e+01 1.288425254821777344e+01 -2.531441114842891693e-02
1.446962356567382812e+01 1.290431594848632812e+01 -2.536542341113090515e-02
1.451860618591308594e+01 1.292451572418212891e+01 -2.541737072169780731e-02
1.456723594665527344e+01 1.294505500793457031e+01 -2.546897344291210175e-02
1.461620140075683594e+01 1.296526336669921875e+01 -2.552093006670475006e-02
1.466485023498535156e+01 1.298580455780029297e+01 -2.557255141437053680e-02
1.471382331848144531e+01 1.300600242614746094e+01 -2.562444098293781281e-02
1.476245880126953125e+01 1.302654552459716797e+01 -2.567610144615173340e-02
1.481109046936035156e+01 1.304708480834960938e+01 -2.572773396968841553e-02
1.486007499694824219e+01 1.306728076934814453e+01 -2.577966079115867615e-02
1.490815734863281250e+01 1.308735466003417969e+01 -2.583064511418342590e-02
1.495712280273437500e+01 1.310755634307861328e+01 -2.588260173797607422e-02
1.500576400756835938e+01 1.312809467315673828e+01 -2.593423239886760712e-02
1.505473709106445312e+01 1.314829826354980469e+01 -2.598617970943450928e-02
1.510337066650390625e+01 1.316883945465087891e+01 -2.603781223297119141e-02
1.515234184265136719e+01 1.318904399871826172e+01 -2.608971111476421356e-02
1.520098686218261719e+01 1.320957851409912109e+01 -2.614132314920425415e-02
1.524962234497070312e+01 1.323011875152587891e+01 -2.619297429919242859e-02
1.529859352111816406e+01 1.325032806396484375e+01 -2.624490112066268921e-02
1.534668540954589844e+01 1.327039718627929688e+01 -2.629593387246131897e-02
1.539565086364746094e+01 1.329059410095214844e+01 -2.634782344102859497e-02
1.544428253173828125e+01 1.331113719940185547e+01 -2.639949321746826172e-02
1.549326133728027344e+01 1.333133125305175781e+01 -2.645141072571277618e-02
1.554189872741699219e+01 1.335187816619873047e+01 -2.650306187570095062e-02
1.559087562561035156e+01 1.337207794189453125e+01 -2.655494213104248047e-02
1.563951110839843750e+01 1.339261722564697266e+01 -2.660657279193401337e-02
1.568816375732421875e+01 1.341316127777099609e+01 -2.665821462869644165e-02
1.573712730407714844e+01 1.343336391448974609e+01 -2.671014331281185150e-02
1.578520393371582031e+01 1.345343112945556641e+01 -2.676114439964294434e-02
1.583417320251464844e+01 1.347363376617431641e+01 -2.681310102343559265e-02
1.588281440734863281e+01 1.349417495727539062e+01 -2.686471492052078247e-02
1.593177986145019531e+01 1.351437187194824219e+01 -2.691659331321716309e-02
1.598042106628417969e+01 1.353491592407226562e+01 -2.696828357875347137e-02
1.602939987182617188e+01 1.355512332916259766e+01 -2.702021040022373199e-02
1.607804298400878906e+01 1.357565498352050781e+01 -2.707186155021190643e-02
1.612668609619140625e+01 1.359619235992431641e+01 -2.712345495820045471e-02
1.617565155029296875e+01 1.361639881134033203e+01 -2.717539295554161072e-02
1.622374725341796875e+01 1.363646602630615234e+01 -2.722637541592121124e-02
1.627270507812500000e+01 1.365667152404785156e+01 -2.727831341326236725e-02
1.632134628295898438e+01 1.367720603942871094e+01 -2.732994407415390015e-02
1.637032127380371094e+01 1.369741058349609375e+01 -2.738183364272117615e-02
1.641895294189453125e+01 1.371795654296875000e+01 -2.743353322148323059e-02
1.646792793273925781e+01 1.373815059661865234e+01 -2.748545072972774506e-02
1.651656341552734375e+01 1.375869083404541016e+01 -2.753709256649017334e-02
1.656521797180175781e+01 1.377923679351806641e+01 -2.758868597447872162e-02
1.661418151855468750e+01 1.379943466186523438e+01 -2.764064259827136993e-02
1.666225814819335938e+01 1.381950759887695312e+01 -2.769169211387634277e-02
1.671122932434082031e+01 1.383970832824707031e+01 -2.774357236921787262e-02
1.675985908508300781e+01 1.386024570465087891e+01 -2.779520489275455475e-02
1.680884742736816406e+01 1.388045120239257812e+01 -2.784712240099906921e-02
1.685748291015625000e+01 1.390098953247070312e+01 -2.789876423776149750e-02
1.690645217895507812e+01 1.392119693756103516e+01 -2.795070037245750427e-02
1.695510101318359375e+01 1.394173526763916016e+01 -2.800229564309120178e-02
1.700374031066894531e+01 1.396227264404296875e+01 -2.805395610630512238e-02
1.705271720886230469e+01 1.398247909545898438e+01 -2.810587361454963684e-02
1.710079765319824219e+01 1.400254058837890625e+01 -2.815686725080013275e-02
1.714975166320800781e+01 1.402274513244628906e+01 -2.820880338549613953e-02
1.719838714599609375e+01 1.404328155517578125e+01 -2.826041728258132935e-02
1.724737739562988281e+01 1.406348991394042969e+01 -2.831236273050308228e-02
1.729601669311523438e+01 1.408402633666992188e+01 -2.836400456726551056e-02
