3.797158241271972656e+00 6.408689498901367188e+00 -1.805532258003950119e-03
3.833998918533325195e+00 6.444037914276123047e+00 -1.806019805371761322e-03
3.870332241058349609e+00 6.479693412780761719e+00 -1.806500251404941082e-03
3.906643867492675781e+00 6.515389442443847656e+00 -1.807160675525665283e-03
3.943302154541015625e+00 6.550866127014160156e+00 -1.807903288863599300e-03
3.979241847991943359e+00 6.585920333862304688e+00 -1.808597124181687832e-03
4.015899181365966797e+00 6.621396064758300781e+00 -1.809337409213185310e-03
4.052376747131347656e+00 6.657121658325195312e+00 -1.809710520319640636e-03
4.089616298675537109e+00 6.692702293395996094e+00 -1.809433917514979839e-03
4.126503467559814453e+00 6.728500366210937500e+00 -1.809084671549499035e-03
4.163640975952148438e+00 6.764210224151611328e+00 -1.812309259548783302e-03
4.200554370880126953e+00 6.800228118896484375e+00 -1.816822565160691738e-03
4.238552093505859375e+00 6.836637973785400391e+00 -1.820649136789143085e-03
4.276969432830810547e+00 6.873107910156250000e+00 -1.824581879191100597e-03
4.314636707305908203e+00 6.909145355224609375e+00 -1.828350126743316650e-03
4.353054523468017578e+00 6.945614814758300781e+00 -1.832281588576734066e-03
4.391593456268310547e+00 6.982679843902587891e+00 -1.835831673815846443e-03
4.430906295776367188e+00 7.019829750061035156e+00 -1.839458011090755463e-03
4.469628334045410156e+00 7.056751251220703125e+00 -1.842855475842952728e-03
4.508603096008300781e+00 7.093228340148925781e+00 -1.846465165726840496e-03
4.546041965484619141e+00 7.126183032989501953e+00 -1.850282191298902035e-03
4.582781314849853516e+00 7.157841682434082031e+00 -1.854161266237497330e-03
4.620578289031982422e+00 7.189452171325683594e+00 -1.859027426689863205e-03
4.657638072967529297e+00 7.220695495605468750e+00 -1.863717101514339447e-03
4.695435523986816406e+00 7.252307891845703125e+00 -1.868580817244946957e-03
4.732878208160400391e+00 7.284131050109863281e+00 -1.873232424259185791e-03
4.770675659179687500e+00 7.315742492675781250e+00 -1.878100913017988205e-03
4.808117866516113281e+00 7.347564697265625000e+00 -1.882757176645100117e-03
4.845915794372558594e+00 7.379176139831542969e+00 -1.887620892375707626e-03
4.883358955383300781e+00 7.411000251770019531e+00 -1.892274827696382999e-03
4.920802593231201172e+00 7.442821502685546875e+00 -1.896928763017058372e-03
4.958602905273437500e+00 7.474437713623046875e+00 -1.901790150441229343e-03
4.995994567871093750e+00 7.506073474884033203e+00 -1.905983895994722843e-03
5.034173965454101562e+00 7.538125038146972656e+00 -1.910449471324682236e-03
5.072567462921142578e+00 7.570699691772460938e+00 -1.915902132168412209e-03
5.111315727233886719e+00 7.603065967559814453e+00 -1.921562245115637779e-03
5.149708271026611328e+00 7.635640144348144531e+00 -1.927019562572240829e-03
5.188456535339355469e+00 7.668005466461181641e+00 -1.932679675519466400e-03
5.226746082305908203e+00 7.700857162475585938e+00 -1.937617314979434013e-03
5.265019416809082031e+00 7.733754634857177734e+00 -1.942476257681846619e-03
5.304982185363769531e+00 7.766487598419189453e+00 -1.948083867318928242e-03
5.344457149505615234e+00 7.798744678497314453e+00 -1.953684259206056595e-03
5.386145114898681641e+00 7.830807685852050781e+00 -1.960536465048789978e-03
5.427412033081054688e+00 7.863081932067871094e+00 -1.967143034562468529e-03
5.469076633453369141e+00 7.895121574401855469e+00 -1.974012004211544991e-03
5.510338306427001953e+00 7.927388191223144531e+00 -1.980623230338096619e-03
5.552002906799316406e+00 7.959428787231445312e+00 -1.987487310543656349e-03
5.593264579772949219e+00 7.991695404052734375e+00 -1.994105754420161247e-03
5.634525775909423828e+00 8.023962020874023438e+00 -2.000717213377356529e-03
5.676191329956054688e+00 8.056001663208007812e+00 -2.007578965276479721e-03
5.717035293579101562e+00 8.087676048278808594e+00 -2.014223486185073853e-03
5.760182857513427734e+00 8.118716239929199219e+00 -2.022289205342531204e-03
5.803958415985107422e+00 8.149244308471679688e+00 -2.030946314334869385e-03
5.848134040832519531e+00 8.179411888122558594e+00 -2.039865590631961823e-03
5.891858577728271484e+00 8.209836006164550781e+00 -2.048505702987313271e-03
5.936032295227050781e+00 8.240005493164062500e+00 -2.057427307590842247e-03
5.979759216308593750e+00 8.270430564880371094e+00 -2.066069981083273888e-03
6.023485660552978516e+00 8.300854682922363281e+00 -2.074703341349959373e-03
6.067659378051757812e+00 8.331025123596191406e+00 -2.083629602566361427e-03
6.110953330993652344e+00 8.360869407653808594e+00 -2.092277165502309799e-03
6.155127048492431641e+00 8.391038894653320312e+00 -2.101196208968758583e-03
6.198853969573974609e+00 8.421462059020996094e+00 -2.109836554154753685e-03
6.243026256561279297e+00 8.451632499694824219e+00 -2.118760487064719200e-03
6.286754131317138672e+00 8.482058525085449219e+00 -2.127398503944277763e-03
6.331017494201660156e+00 8.512482643127441406e+00 -2.136064926162362099e-03
6.373304367065429688e+00 8.543743133544921875e+00 -2.137874718755483627e-03
6.415585041046142578e+00 8.575001716613769531e+00 -2.139665186405181885e-03
6.458191394805908203e+00 8.606131553649902344e+00 -2.141472417861223221e-03
6.499942779541015625e+00 8.637005805969238281e+00 -2.143286634236574173e-03
6.542434692382812500e+00 8.668266296386718750e+00 -2.145248930901288986e-03
6.584567546844482422e+00 8.699779510498046875e+00 -2.147189574316143990e-03
6.627059459686279297e+00 8.731037139892578125e+00 -2.149156527593731880e-03
6.669193744659423828e+00 8.762551307678222656e+00 -2.151094842702150345e-03
6.711685657501220703e+00 8.793808937072753906e+00 -2.153061795979738235e-03
6.753818988800048828e+00 8.825324058532714844e+00 -2.154997782781720161e-03
6.795951843261718750e+00 8.856837272644042969e+00 -2.156936097890138626e-03
6.838601589202880859e+00 8.888136863708496094e+00 -2.158612245693802834e-03
6.880815505981445312e+00 8.919197082519531250e+00 -2.159573137760162354e-03
6.923845767974853516e+00 8.950600624084472656e+00 -2.160548232495784760e-03
6.966517448425292969e+00 8.982258796691894531e+00 -2.161504235118627548e-03
7.009118556976318359e+00 9.012381553649902344e+00 -2.162870485335588455e-03
7.050822257995605469e+00 9.041167259216308594e+00 -2.164687262848019600e-03
7.092884540557861328e+00 9.069690704345703125e+00 -2.166530117392539978e-03
7.134451389312744141e+00 9.098278045654296875e+00 -2.168442355468869209e-03
7.172437667846679688e+00 9.121859550476074219e+00 -2.172583481296896935e-03
7.210804939270019531e+00 9.145211219787597656e+00 -2.176729729399085045e-03
7.253035068511962891e+00 9.174220085144042969e+00 -2.181545831263065338e-03
7.296093463897705078e+00 9.203555107116699219e+00 -2.186438068747520447e-03
7.338917255401611328e+00 9.233126640319824219e+00 -2.190069295465946198e-03
7.382745265960693359e+00 9.261319160461425781e+00 -2.190286060795187950e-03
7.426819324493408203e+00 9.288489341735839844e+00 -2.187870908528566360e-03
7.471288204193115234e+00 9.315343856811523438e+00 -2.185312798246741295e-03
7.515361785888671875e+00 9.342514991760253906e+00 -2.182907192036509514e-03
7.559434413909912109e+00 9.369683265686035156e+00 -2.180494368076324463e-03
7.603902816772460938e+00 9.396537780761718750e+00 -2.177947899326682091e-03
7.647978305816650391e+00 9.423707008361816406e+00 -2.175532747060060501e-03
7.691982269287109375e+00 9.450001716613769531e+00 -2.172957872971892357e-03
7.736054897308349609e+00 9.477171897888183594e+00 -2.170538064092397690e-03
7.780524730682373047e+00 9.504025459289550781e+00 -2.167996484786272049e-03
7.824597358703613281e+00 9.531196594238281250e+00 -2.165578771382570267e-03
7.869065761566162109e+00 9.558052062988281250e+00 -2.163032535463571548e-03
7.913139343261718750e+00 9.585220336914062500e+00 -2.160619711503386497e-03
7.957205772399902344e+00 9.612460136413574219e+00 -2.158500254154205322e-03
8.000745773315429688e+00 9.640140533447265625e+00 -2.156635746359825134e-03
8.044282913208007812e+00 9.667819976806640625e+00 -2.154788002371788025e-03
8.087725639343261719e+00 9.694655418395996094e+00 -2.152799628674983978e-03
8.131265640258789062e+00 9.722334861755371094e+00 -2.150946995243430138e-03
8.175173759460449219e+00 9.749724388122558594e+00 -2.148984931409358978e-03
8.218713760375976562e+00 9.777405738830566406e+00 -2.147132297977805138e-03
8.263242721557617188e+00 9.804491996765136719e+00 -2.145351376384496689e-03
8.307398796081542969e+00 9.831870079040527344e+00 -2.143677789717912674e-03
8.351901054382324219e+00 9.858998298645019531e+00 -2.141968347132205963e-03
8.395994186401367188e+00 9.886468887329101562e+00 -2.140435157343745232e-03
8.440085411071777344e+00 9.913941383361816406e+00 -2.138899872079491615e-03
8.484016418457031250e+00 9.940613746643066406e+00 -2.137836534529924393e-03
8.527792930603027344e+00 9.968256950378417969e+00 -2.139438642188906670e-03
8.571944236755371094e+00 9.995615959167480469e+00 -2.140911994501948357e-03
8.615687370300292969e+00 1.002335834503173828e+01 -2.142814686521887779e-03
8.659698486328125000e+00 1.005108165740966797e+01 -2.145475475117564201e-03
8.703338623046875000e+00 1.007908916473388672e+01 -2.148188650608062744e-03
8.747364044189453125e+00 1.010683441162109375e+01 -2.150756306946277618e-03
8.791028976440429688e+00 1.013487243652343750e+01 -2.153362380340695381e-03
8.837024688720703125e+00 1.016300868988037109e+01 -2.155293477699160576e-03
8.883204460144042969e+00 1.019031143188476562e+01 -2.157024340704083443e-03
8.929499626159667969e+00 1.021845912933349609e+01 -2.158869756385684013e-03
8.976180076599121094e+00 1.024632263183593750e+01 -2.160653239116072655e-03
9.022478103637695312e+00 1.027446842193603516e+01 -2.162498421967029572e-03
9.069094657897949219e+00 1.030210590362548828e+01 -2.164262812584638596e-03
9.115082740783691406e+00 1.032912826538085938e+01 -2.165945945307612419e-03
9.161943435668945312e+00 1.035555553436279297e+01 -2.164763398468494415e-03
9.208737373352050781e+00 1.038221931457519531e+01 -2.162043005228042603e-03
9.255528450012207031e+00 1.040888309478759766e+01 -2.159320283681154251e-03
9.302170753479003906e+00 1.043459892272949219e+01 -2.156473696231842041e-03
9.349032402038574219e+00 1.046124458312988281e+01 -2.153734210878610611e-03
9.396520614624023438e+00 1.048759460449218750e+01 -2.150737214833498001e-03
9.443679809570312500e+00 1.051441097259521484e+01 -2.147804712876677513e-03
9.491204261779785156e+00 1.054085731506347656e+01 -2.144757658243179321e-03
9.536693572998046875e+00 1.056673717498779297e+01 -2.142025390639901161e-03
9.580837249755859375e+00 1.059129047393798828e+01 -2.139379037544131279e-03
9.624631881713867188e+00 1.061622333526611328e+01 -2.136854222044348717e-03
9.668423652648925781e+00 1.064115428924560547e+01 -2.134324517101049423e-03
9.712086677551269531e+00 1.066515159606933594e+01 -2.131661400198936462e-03
9.756708145141601562e+00 1.068987274169921875e+01 -2.131856977939605713e-03
9.802312850952148438e+00 1.071470832824707031e+01 -2.134336391463875771e-03
9.847365379333496094e+00 1.074010181427001953e+01 -2.136918483301997185e-03
9.892744064331054688e+00 1.076514911651611328e+01 -2.139750868082046509e-03
9.937718391418457031e+00 1.079061317443847656e+01 -2.142449840903282166e-03
9.983097076416015625e+00 1.081565856933593750e+01 -2.145284553989768028e-03
1.002805519104003906e+01 1.084114074707031250e+01 -2.147990744560956955e-03
1.007274818420410156e+01 1.086686897277832031e+01 -2.150768181309103966e-03
1.011735057830810547e+01 1.089161682128906250e+01 -2.153707901015877724e-03
1.016374206542968750e+01 1.091678142547607422e+01 -2.156287664547562599e-03
1.021082687377929688e+01 1.094144344329833984e+01 -2.158974763005971909e-03
1.025751495361328125e+01 1.096650791168212891e+01 -2.161516109481453896e-03
1.030459976196289062e+01 1.099117183685302734e+01 -2.164200879633426666e-03
1.035126113891601562e+01 1.101604366302490234e+01 -2.166756661608815193e-03
1.039813137054443359e+01 1.103927612304687500e+01 -2.169469837099313736e-03
1.044460391998291016e+01 1.106287670135498047e+01 -2.172059146687388420e-03
1.049107456207275391e+01 1.108647346496582031e+01 -2.174631692469120026e-03
1.053755092620849609e+01 1.110923290252685547e+01 -2.177251735702157021e-03
1.058402347564697266e+01 1.113312625885009766e+01 -2.179071074351668358e-03
1.063088321685791016e+01 1.115665721893310547e+01 -2.181018935516476631e-03
1.067735481262207031e+01 1.118054866790771484e+01 -2.182842697948217392e-03
1.072432518005371094e+01 1.120449733734130859e+01 -2.184623619541525841e-03
1.077123260498046875e+01 1.122806644439697266e+01 -2.186249708756804466e-03
1.081896781921386719e+01 1.124986076354980469e+01 -2.188023645430803299e-03
1.086633682250976562e+01 1.127199459075927734e+01 -2.189668593928217888e-03
1.091370391845703125e+01 1.129412651062011719e+01 -2.191313775256276131e-03
1.096091461181640625e+01 1.131542205810546875e+01 -2.193130552768707275e-03
1.100765991210937500e+01 1.133822727203369141e+01 -2.194637199863791466e-03
1.105467700958251953e+01 1.136080265045166016e+01 -2.196251414716243744e-03
1.110131454467773438e+01 1.138372898101806641e+01 -2.197727328166365623e-03
1.114833259582519531e+01 1.140630245208740234e+01 -2.199338981881737709e-03
1.119497203826904297e+01 1.142922973632812500e+01 -2.200814662501215935e-03
1.124199295043945312e+01 1.145180606842041016e+01 -2.202426549047231674e-03
1.128862762451171875e+01 1.147473239898681641e+01 -2.203918993473052979e-03
1.133526802062988281e+01 1.149765777587890625e+01 -2.205394674092531204e-03
1.138177490234375000e+01 1.151971530914306641e+01 -2.207044512033462524e-03
1.142841339111328125e+01 1.154264545440673828e+01 -2.208529971539974213e-03
1.147543144226074219e+01 1.156521892547607422e+01 -2.210134407505393028e-03
1.152206897735595703e+01 1.158814430236816406e+01 -2.211617538705468178e-03
1.156908607482910156e+01 1.161071968078613281e+01 -2.213224535807967186e-03
1.161572647094726562e+01 1.163364601135253906e+01 -2.214707434177398682e-03
1.166274738311767578e+01 1.165626239776611328e+01 -2.216338180005550385e-03
1.170934104919433594e+01 1.167928791046142578e+01 -2.217997564002871513e-03
1.175592327117919922e+01 1.170231342315673828e+01 -2.219687914475798607e-03
1.180236911773681641e+01 1.172446537017822266e+01 -2.221547532826662064e-03
1.184895324707031250e+01 1.174749088287353516e+01 -2.223235554993152618e-03
1.189644050598144531e+01 1.177050495147705078e+01 -2.224699594080448151e-03
1.194386291503906250e+01 1.179407978057861328e+01 -2.225803444162011147e-03
1.199166107177734375e+01 1.181729602813720703e+01 -2.227038377895951271e-03
1.203894233703613281e+01 1.184104919433593750e+01 -2.228168537840247154e-03
1.208747863769531250e+01 1.186279392242431641e+01 -2.229122212156653404e-03
1.213583183288574219e+01 1.188455677032470703e+01 -2.229908946901559830e-03
1.218418693542480469e+01 1.190631961822509766e+01 -2.230683807283639908e-03
1.223236179351806641e+01 1.192723178863525391e+01 -2.231642371043562889e-03
1.228071594238281250e+01 1.194899654388427734e+01 -2.232421888038516045e-03
1.232943344116210938e+01 1.197040462493896484e+01 -2.233332721516489983e-03
1.237778854370117188e+01 1.199216747283935547e+01 -2.234107581898570061e-03
1.242650604248046875e+01 1.201357936859130859e+01 -2.235015854239463806e-03
1.247485923767089844e+01 1.203533840179443359e+01 -2.235797932371497154e-03
1.252357673645019531e+01 1.205675125122070312e+01 -2.236701548099517822e-03
1.257193088531494141e+01 1.207851314544677734e+01 -2.237481065094470978e-03
1.262028503417968750e+01 1.210027408599853516e+01 -2.238253597170114517e-03
1.266845893859863281e+01 1.212118816375732422e+01 -2.239212160930037498e-03
1.271681308746337891e+01 1.214294719696044922e+01 -2.239998895674943924e-03
1.276553249359130859e+01 1.216436004638671875e+01 -2.240895293653011322e-03
1.281388664245605469e+01 1.218612194061279297e+01 -2.241682028397917747e-03
1.286260509490966797e+01 1.220753288269042969e+01 -2.242587972432374954e-03
1.291095829010009766e+01 1.222929477691650391e+01 -2.243365393951535225e-03
1.295967674255371094e+01 1.225070667266845703e+01 -2.244266448542475700e-03
1.300802898406982422e+01 1.227246761322021484e+01 -2.245046198368072510e-03
1.305638027191162109e+01 1.229422855377197266e+01 -2.245830604806542397e-03
1.310455703735351562e+01 1.231514072418212891e+01 -2.246788935735821724e-03
1.315291213989257812e+01 1.233690261840820312e+01 -2.247556811198592186e-03
1.320163154602050781e+01 1.235831546783447266e+01 -2.248472301289439201e-03
1.324998378753662109e+01 1.238007450103759766e+01 -2.249239943921566010e-03
1.329870319366455078e+01 1.240148639678955078e+01 -2.250150777399539948e-03
1.334692478179931641e+01 1.242262935638427734e+01 -2.250975696370005608e-03
1.339539623260498047e+01 1.244289493560791016e+01 -2.251972211524844170e-03
1.344351100921630859e+01 1.246355533599853516e+01 -2.252839971333742142e-03
1.349162769317626953e+01 1.248421859741210938e+01 -2.253693528473377228e-03
1.353955650329589844e+01 1.250397968292236328e+01 -2.254742663353681564e-03
1.358767318725585938e+01 1.252464008331298828e+01 -2.255600877106189728e-03
1.363614463806152344e+01 1.254490375518798828e+01 -2.256602281704545021e-03
1.368426322937011719e+01 1.256556606292724609e+01 -2.257455838844180107e-03
1.373273468017578125e+01 1.258583164215087891e+01 -2.258452353999018669e-03
1.378085327148437500e+01 1.260649490356445312e+01 -2.259315457195043564e-03
1.382932472229003906e+01 1.262675952911376953e+01 -2.260312205180525780e-03
1.387743949890136719e+01 1.264741992950439453e+01 -2.261165529489517212e-03
1.392555713653564453e+01 1.266808414459228516e+01 -2.262028632685542107e-03
1.397348594665527344e+01 1.268784236907958984e+01 -2.263072878122329712e-03
1.402160263061523438e+01 1.270850467681884766e+01 -2.263940870761871338e-03
1.407007503509521484e+01 1.272876930236816406e+01 -2.264932729303836823e-03
1.411817264556884766e+01 1.274945640563964844e+01 -2.265810035169124603e-03
1.416657733917236328e+01 1.276981449127197266e+01 -2.266873372718691826e-03
1.421463012695312500e+01 1.279056644439697266e+01 -2.267803298309445381e-03
1.426303291320800781e+01 1.281092166900634766e+01 -2.268861746415495872e-03
1.431108283996582031e+01 1.283166980743408203e+01 -2.269786782562732697e-03
1.435913562774658203e+01 1.285242271423339844e+01 -2.270726254209876060e-03
1.440753841400146484e+01 1.287277698516845703e+01 -2.271789591759443283e-03
1.445504570007324219e+01 1.289302444458007812e+01 -2.272757468745112419e-03
1.450344944000244141e+01 1.291338062286376953e+01 -2.273825695738196373e-03
1.455150127410888672e+01 1.293413162231445312e+01 -2.274750731885433197e-03
1.459990501403808594e+01 1.295448780059814453e+01 -2.275809412822127342e-03
1.464795780181884766e+01 1.297523593902587891e+01 -2.276739105582237244e-03
1.469635963439941406e+01 1.299559497833251953e+01 -2.277807332575321198e-03
1.474441337585449219e+01 1.301634597778320312e+01 -2.278727479279041290e-03
1.479246234893798828e+01 1.303709220886230469e+01 -2.279657404869794846e-03
1.484086799621582031e+01 1.305745124816894531e+01 -2.280730288475751877e-03
1.488845634460449219e+01 1.307765102386474609e+01 -2.281798282638192177e-03
1.493816566467285156e+01 1.309728527069091797e+01 -2.284320769831538200e-03
1.498735809326171875e+01 1.311756706237792969e+01 -2.286857692524790764e-03
1.503689575195312500e+01 1.313748073577880859e+01 -2.289551775902509689e-03
1.508608150482177734e+01 1.315777778625488281e+01 -2.292098011821508408e-03
1.513561820983886719e+01 1.317769336700439453e+01 -2.294801641255617142e-03
1.518480682373046875e+01 1.319798564910888672e+01 -2.297343220561742783e-03
1.523399543762207031e+01 1.321828365325927734e+01 -2.299889456480741501e-03
1.528352928161621094e+01 1.323819828033447266e+01 -2.302583772689104080e-03
1.533215522766113281e+01 1.325800323486328125e+01 -2.305168192833662033e-03
1.538169097900390625e+01 1.327791881561279297e+01 -2.307867165654897690e-03
1.543087673187255859e+01 1.329821491241455078e+01 -2.310413401573896408e-03
1.548041152954101562e+01 1.331812953948974609e+01 -2.313112374395132065e-03
1.552960014343261719e+01 1.333842372894287109e+01 -2.315649064257740974e-03
1.557913494110107422e+01 1.335834026336669922e+01 -2.318352693691849709e-03
1.562832355499267578e+01 1.337863636016845703e+01 -2.320898929610848427e-03
1.567763233184814453e+01 1.339875125885009766e+01 -2.323492895811796188e-03
1.572841930389404297e+01 1.341680240631103516e+01 -2.326630521565675735e-03
1.577827644348144531e+01 1.343476581573486328e+01 -2.329648938030004501e-03
1.582904624938964844e+01 1.345281124114990234e+01 -2.332796109840273857e-03
1.587818050384521484e+01 1.347072696685791016e+01 -2.335967030376195908e-03
1.592765426635742188e+01 1.348825931549072266e+01 -2.339285798370838165e-03
1.597678565979003906e+01 1.350617790222167969e+01 -2.342461608350276947e-03
1.602626037597656250e+01 1.352371311187744141e+01 -2.345780376344919205e-03
1.607539558410644531e+01 1.354162693023681641e+01 -2.348946640267968178e-03
1.612452697753906250e+01 1.355954265594482422e+01 -2.352122217416763306e-03
1.617400169372558594e+01 1.357707691192626953e+01 -2.355450531467795372e-03
1.622256851196289062e+01 1.359453773498535156e+01 -2.358635887503623962e-03
1.627204322814941406e+01 1.361207199096679688e+01 -2.361964201554656029e-03
1.632117652893066406e+01 1.362998771667480469e+01 -2.365140011534094810e-03
1.637064933776855469e+01 1.364752292633056641e+01 -2.368458779528737068e-03
1.641978454589843750e+01 1.366543674468994141e+01 -2.371625043451786041e-03
1.646925735473632812e+01 1.368297290802001953e+01 -2.374943811446428299e-03
1.651839065551757812e+01 1.370088863372802734e+01 -2.378119388595223427e-03
1.656752204895019531e+01 1.371880340576171875e+01 -2.381295198574662209e-03
1.661699867248535156e+01 1.373633956909179688e+01 -2.384613966569304466e-03
1.666556358337402344e+01 1.375379657745361328e+01 -2.387818414717912674e-03
1.671504211425781250e+01 1.377133369445800781e+01 -2.391132293269038200e-03
1.676417350769042969e+01 1.378925037384033203e+01 -2.394298557192087173e-03
1.681371116638183594e+01 1.380678939819335938e+01 -2.397626871243119240e-03
1.686338233947753906e+01 1.382473659515380859e+01 -2.400874160230159760e-03
1.691338920593261719e+01 1.384230518341064453e+01 -2.404273953288793564e-03
1.696305847167968750e+01 1.386017227172851562e+01 -2.407535444945096970e-03
1.701270103454589844e+01 1.387709712982177734e+01 -2.410925924777984619e-03
1.706267166137695312e+01 1.389358806610107422e+01 -2.414454473182559013e-03
1.711173248291015625e+01 1.391004657745361328e+01 -2.417859155684709549e-03
1.716181945800781250e+01 1.392636775970458984e+01 -2.421435434371232986e-03
1.721158027648925781e+01 1.394311809539794922e+01 -2.424849430099129677e-03
1.726167488098144531e+01 1.395943164825439453e+01 -2.428421052172780037e-03
1.731143951416015625e+01 1.397618198394775391e+01 -2.431849483400583267e-03
