3.773991346359252930e+00 6.426909446716308594e+00 -4.184746742248535156e-02
3.809375047683715820e+00 6.463185310363769531e+00 -3.729069232940673828e-02
3.844653606414794922e+00 6.499528884887695312e+00 -3.290271759033203125e-02
3.880190849304199219e+00 6.535716056823730469e+00 -2.862060070037841797e-02
3.916345834732055664e+00 6.571514129638671875e+00 -2.439510822296142578e-02
3.952029228210449219e+00 6.606727600097656250e+00 -2.035939693450927734e-02
3.988690853118896484e+00 6.642192363739013672e+00 -1.633274555206298828e-02
4.025229454040527344e+00 6.677728652954101562e+00 -1.246154308319091797e-02
4.062392234802246094e+00 6.712858200073242188e+00 -8.624434471130371094e-03
4.099425315856933594e+00 6.748054027557373047e+00 -4.940390586853027344e-03
4.137087345123291016e+00 6.782829761505126953e+00 -1.277208328247070312e-03
4.174609184265136719e+00 6.817684650421142578e+00 2.237796783447265625e-03
4.212372779846191406e+00 6.852357864379882812e+00 5.674242973327636719e-03
4.250766754150390625e+00 6.886601448059082031e+00 9.099245071411132812e-03
4.287436962127685547e+00 6.920779228210449219e+00 1.137959957122802734e-02
4.323758125305175781e+00 6.955739021301269531e+00 1.255023479461669922e-02
4.359942913055419922e+00 6.990789413452148438e+00 1.361167430877685547e-02
4.396658897399902344e+00 7.025457382202148438e+00 1.459932327270507812e-02
4.433241844177246094e+00 7.060214042663574219e+00 1.548743247985839844e-02
4.470354080200195312e+00 7.094582080841064453e+00 1.630818843841552734e-02
4.507322788238525391e+00 7.129041671752929688e+00 1.703274250030517578e-02
4.544482231140136719e+00 7.163351058959960938e+00 1.768302917480468750e-02
4.582178115844726562e+00 7.197260856628417969e+00 1.827836036682128906e-02
4.619330406188964844e+00 7.230635166168212891e+00 1.878511905670166016e-02
4.657407283782958984e+00 7.264233112335205078e+00 1.925408840179443359e-02
4.695323467254638672e+00 7.297926425933837891e+00 1.963639259338378906e-02
4.733779430389404297e+00 7.331207275390625000e+00 1.998162269592285156e-02
4.772072792053222656e+00 7.364584445953369141e+00 2.025544643402099609e-02
4.810904502868652344e+00 7.397540569305419922e+00 2.049410343170166016e-02
4.849562644958496094e+00 7.430599212646484375e+00 2.066934108734130859e-02
4.888407707214355469e+00 7.463496208190917969e+00 2.080249786376953125e-02
4.927789688110351562e+00 7.495960712432861328e+00 2.091312408447265625e-02
4.966587066650390625e+00 7.527909755706787109e+00 2.097845077514648438e-02
5.006336212158203125e+00 7.560039043426513672e+00 2.102565765380859375e-02
5.045842170715332031e+00 7.592219829559326172e+00 2.099120616912841797e-02
5.083809852600097656e+00 7.620743751525878906e+00 1.747930049896240234e-02
5.122570037841796875e+00 7.651088237762451172e+00 1.425266265869140625e-02
5.162884235382080078e+00 7.684673309326171875e+00 1.500630378723144531e-02
5.202975749969482422e+00 7.718403816223144531e+00 1.573944091796875000e-02
5.243224620819091797e+00 7.751992225646972656e+00 1.646304130554199219e-02
5.283996582031250000e+00 7.785142421722412109e+00 1.719295978546142578e-02
5.324123382568359375e+00 7.817798614501953125e+00 1.790869235992431641e-02
5.365200519561767578e+00 7.850655555725097656e+00 1.864635944366455078e-02
5.406044483184814453e+00 7.883668899536132812e+00 1.937997341156005859e-02
5.447418689727783203e+00 7.916226863861083984e+00 2.014327049255371094e-02
5.488554000854492188e+00 7.948946475982666016e+00 2.091240882873535156e-02
5.530222892761230469e+00 7.981205940246582031e+00 2.172434329986572266e-02
5.571650028228759766e+00 8.013629913330078125e+00 2.255260944366455078e-02
5.613220214843750000e+00 8.045904159545898438e+00 2.341318130493164062e-02
5.655322074890136719e+00 8.077713966369628906e+00 2.432346343994140625e-02
5.696743965148925781e+00 8.109055519104003906e+00 2.526414394378662109e-02
5.739133358001708984e+00 8.140557289123535156e+00 2.627098560333251953e-02
5.781264781951904297e+00 8.172233581542968750e+00 2.732121944427490234e-02
5.822867393493652344e+00 8.205160140991210938e+00 2.708470821380615234e-02
5.863159179687500000e+00 8.239956855773925781e+00 2.556717395782470703e-02
5.903897285461425781e+00 8.274415969848632812e+00 2.401971817016601562e-02
5.944404602050781250e+00 8.308979988098144531e+00 2.259159088134765625e-02
5.985014915466308594e+00 8.343425750732421875e+00 2.121615409851074219e-02
6.026077270507812500e+00 8.377525329589843750e+00 1.982688903808593750e-02
6.066462516784667969e+00 8.411113739013671875e+00 1.855599880218505859e-02
6.107740402221679688e+00 8.444974899291992188e+00 1.730203628540039062e-02
6.148780822753906250e+00 8.478943824768066406e+00 1.619100570678710938e-02
6.190273284912109375e+00 8.512559890747070312e+00 1.508677005767822266e-02
6.231526374816894531e+00 8.546291351318359375e+00 1.414334774017333984e-02
6.274086952209472656e+00 8.577155113220214844e+00 1.016032695770263672e-02
6.316565990447998047e+00 8.607590675354003906e+00 5.597472190856933594e-03
6.359101772308349609e+00 8.637950897216796875e+00 1.095414161682128906e-03
6.402050018310546875e+00 8.667993545532226562e+00 -3.414750099182128906e-03
6.444243431091308594e+00 8.697624206542968750e+00 -7.758140563964843750e-03
6.487315654754638672e+00 8.727503776550292969e+00 -1.212573051452636719e-02
6.530092716217041016e+00 8.757541656494140625e+00 -1.635992527008056641e-02
6.573289871215820312e+00 8.787258148193359375e+00 -2.056407928466796875e-02
6.616188049316406250e+00 8.817139625549316406e+00 -2.462291717529296875e-02
6.659511089324951172e+00 8.846692085266113281e+00 -2.864933013916015625e-02
6.702530860900878906e+00 8.876419067382812500e+00 -3.251338005065917969e-02
6.745609283447265625e+00 8.906068801879882812e+00 -3.627038002014160156e-02
6.789118766784667969e+00 8.935381889343261719e+00 -3.998005390167236328e-02
6.831854343414306641e+00 8.964306831359863281e+00 -4.348301887512207031e-02
6.875494003295898438e+00 8.993458747863769531e+00 -4.695165157318115234e-02
6.916528224945068359e+00 9.023239135742187500e+00 -4.819977283477783203e-02
6.957906723022460938e+00 9.052736282348632812e+00 -4.933512210845947266e-02
6.998995780944824219e+00 9.082457542419433594e+00 -5.031919479370117188e-02
7.040442466735839844e+00 9.111893653869628906e+00 -5.118918418884277344e-02
7.081595897674560547e+00 9.141546249389648438e+00 -5.189621448516845703e-02
7.122779846191406250e+00 9.171176910400390625e+00 -5.245637893676757812e-02
7.164330005645751953e+00 9.200510978698730469e+00 -5.288219451904296875e-02
7.205136775970458984e+00 9.229500770568847656e+00 -5.313575267791748047e-02
7.246761322021484375e+00 9.258769035339355469e+00 -5.325150489807128906e-02
7.288091659545898438e+00 9.288262367248535156e+00 -5.317139625549316406e-02
7.329796791076660156e+00 9.317457199096679688e+00 -5.293810367584228516e-02
7.371205806732177734e+00 9.346887588500976562e+00 -5.251038074493408203e-02
7.412992954254150391e+00 9.376010894775390625e+00 -5.191636085510253906e-02
7.454488277435302734e+00 9.405363082885742188e+00 -5.111336708068847656e-02
7.496019840240478516e+00 9.434682846069335938e+00 -5.011248588562011719e-02
7.537944793701171875e+00 9.463692665100097656e+00 -4.893708229064941406e-02
7.579572677612304688e+00 9.492932319641113281e+00 -4.753339290618896484e-02
7.621138572692871094e+00 9.521286964416503906e+00 -4.597306251525878906e-02
7.662862777709960938e+00 9.550450325012207031e+00 -4.415059089660644531e-02
7.704983234405517578e+00 9.579289436340332031e+00 -4.212296009063720703e-02
7.746812820434570312e+00 9.608365058898925781e+00 -3.985643386840820312e-02
7.789046287536621094e+00 9.637112617492675781e+00 -3.736758232116699219e-02
7.830983161926269531e+00 9.666099548339843750e+00 -3.463160991668701172e-02
7.873329639434814453e+00 9.694751739501953125e+00 -3.167223930358886719e-02
7.915388584136962891e+00 9.723636627197265625e+00 -2.844572067260742188e-02
7.957502841949462891e+00 9.752477645874023438e+00 -2.496826648712158203e-02
7.999583244323730469e+00 9.780401229858398438e+00 -2.131921052932739258e-02
8.041827201843261719e+00 9.809136390686035156e+00 -1.732993125915527344e-02
8.084495544433593750e+00 9.837524414062500000e+00 -1.309275627136230469e-02
8.126874923706054688e+00 9.866142272949218750e+00 -8.563697338104248047e-03
8.169684410095214844e+00 9.894405364990234375e+00 -3.777980804443359375e-03
8.212203979492187500e+00 9.922905921936035156e+00 1.304864883422851562e-03
8.255165100097656250e+00 9.951045036315917969e+00 6.657481193542480469e-03
8.297839164733886719e+00 9.979414939880371094e+00 1.231920719146728516e-02
8.342439651489257812e+00 1.000726032257080078e+01 1.083266735076904297e-02
8.387702941894531250e+00 1.003399372100830078e+01 6.774127483367919922e-03
8.433210372924804688e+00 1.006148910522460938e+01 2.862632274627685547e-03
8.479181289672851562e+00 1.008858871459960938e+01 -7.872581481933593750e-04
8.524895668029785156e+00 1.011589908599853516e+01 -4.208862781524658203e-03
8.571070671081542969e+00 1.014280891418457031e+01 -7.354974746704101562e-03
8.616993904113769531e+00 1.016993141174316406e+01 -1.026797294616699219e-02
8.663390159606933594e+00 1.019664096832275391e+01 -1.289480924606323242e-02
8.709533691406250000e+00 1.022355937957763672e+01 -1.527428627014160156e-02
8.755787849426269531e+00 1.025037956237792969e+01 -1.739007234573364258e-02
8.802001953125000000e+00 1.027622127532958984e+01 -1.916825771331787109e-02
8.848497390747070312e+00 1.030282020568847656e+01 -2.073144912719726562e-02
8.895463943481445312e+00 1.032899761199951172e+01 -2.198648452758789062e-02
8.942191123962402344e+00 1.035537528991699219e+01 -2.297836542129516602e-02
8.989412307739257812e+00 1.038132190704345703e+01 -2.365040779113769531e-02
9.036393165588378906e+00 1.040746212005615234e+01 -2.405035495758056641e-02
9.083870887756347656e+00 1.043316078186035156e+01 -2.412652969360351562e-02
9.131109237670898438e+00 1.045906066894531250e+01 -2.392530441284179688e-02
9.178480148315429688e+00 1.048483562469482422e+01 -2.341538667678833008e-02
9.225835800170898438e+00 1.050960159301757812e+01 -2.256685495376586914e-02
9.273482322692871094e+00 1.053511428833007812e+01 -2.143234014511108398e-02
9.321639060974121094e+00 1.056016063690185547e+01 -1.995265483856201172e-02
9.369566917419433594e+00 1.058539962768554688e+01 -1.817804574966430664e-02
9.415012359619140625e+00 1.061220645904541016e+01 -2.019655704498291016e-02
9.458026885986328125e+00 1.064072036743164062e+01 -2.496129274368286133e-02
9.501514434814453125e+00 1.066880226135253906e+01 -2.946883440017700195e-02
9.544783592224121094e+00 1.069708251953125000e+01 -3.368341922760009766e-02
9.588173866271972656e+00 1.072525405883789062e+01 -3.761512041091918945e-02
9.631571769714355469e+00 1.075239181518554688e+01 -4.121875762939453125e-02
9.675227165222167969e+00 1.078031635284423828e+01 -4.457652568817138672e-02
9.719369888305664062e+00 1.080778980255126953e+01 -4.764586687088012695e-02
9.763296127319335938e+00 1.083545780181884766e+01 -5.041211843490600586e-02
9.807723045349121094e+00 1.086266517639160156e+01 -5.288082361221313477e-02
9.851930618286132812e+00 1.089006805419921875e+01 -5.504840612411499023e-02
9.896639823913574219e+00 1.091700553894042969e+01 -5.691522359848022461e-02
9.941142082214355469e+00 1.094413375854492188e+01 -5.846732854843139648e-02
9.985789299011230469e+00 1.097111988067626953e+01 -5.969971418380737305e-02
1.003045463562011719e+01 1.099706268310546875e+01 -6.062418222427368164e-02
1.007540130615234375e+01 1.102376365661621094e+01 -6.123641133308410645e-02
1.012086582183837891e+01 1.104996776580810547e+01 -6.153374910354614258e-02
1.016612911224365234e+01 1.107635784149169922e+01 -6.150197982788085938e-02
1.021190738677978516e+01 1.110225296020507812e+01 -6.115677952766418457e-02
1.025749206542968750e+01 1.112833118438720703e+01 -6.047061085700988770e-02
1.030359935760498047e+01 1.115390586853027344e+01 -5.947035551071166992e-02
1.034950542449951172e+01 1.117965126037597656e+01 -5.812925100326538086e-02
1.039558124542236328e+01 1.120523452758789062e+01 -5.645367503166198730e-02
1.044168090820312500e+01 1.122974014282226562e+01 -5.448082089424133301e-02
1.048809528350830078e+01 1.125497436523437500e+01 -5.213892459869384766e-02
1.053504467010498047e+01 1.127968215942382812e+01 -4.945784807205200195e-02
1.058180427551269531e+01 1.130455589294433594e+01 -4.642567038536071777e-02
1.062910366058349609e+01 1.132888889312744141e+01 -4.306116700172424316e-02
1.067621803283691406e+01 1.135339355468750000e+01 -3.933882713317871094e-02
1.072387218475341797e+01 1.137735271453857422e+01 -3.528293967247009277e-02
1.077134990692138672e+01 1.140146255493164062e+01 -3.086215257644653320e-02
1.081900024414062500e+01 1.142537879943847656e+01 -2.609565854072570801e-02
1.086667442321777344e+01 1.144820022583007812e+01 -2.104941010475158691e-02
1.091468906402587891e+01 1.147171878814697266e+01 -1.558145880699157715e-02
1.096196365356445312e+01 1.149480342864990234e+01 -1.499053835868835449e-02
1.100785160064697266e+01 1.151820564270019531e+01 -1.886539161205291748e-02
1.105428409576416016e+01 1.154106044769287109e+01 -2.241559326648712158e-02
1.110050964355468750e+01 1.156409072875976562e+01 -2.569222450256347656e-02
1.114728355407714844e+01 1.158656978607177734e+01 -2.863782644271850586e-02
1.119386386871337891e+01 1.160921764373779297e+01 -3.130887448787689209e-02
1.124061870574951172e+01 1.163167667388916016e+01 -3.367593884468078613e-02
1.128741168975830078e+01 1.165304279327392578e+01 -3.566941618919372559e-02
1.133451938629150391e+01 1.167510414123535156e+01 -3.742894530296325684e-02
1.138218212127685547e+01 1.169657897949218750e+01 -3.884723782539367676e-02
1.142964649200439453e+01 1.171823596954345703e+01 -3.999142348766326904e-02
1.147767639160156250e+01 1.173929500579833984e+01 -4.079188406467437744e-02
1.152550125122070312e+01 1.176052951812744141e+01 -4.131280630826950073e-02
1.157389926910400391e+01 1.178115653991699219e+01 -4.147918522357940674e-02
1.162209701538085938e+01 1.180195331573486328e+01 -4.137121886014938354e-02
1.167048072814941406e+01 1.182253074645996094e+01 -4.094244167208671570e-02
1.171889400482177734e+01 1.184199810028076172e+01 -4.016038775444030762e-02
1.176764392852783203e+01 1.186212253570556641e+01 -3.910723328590393066e-02
1.181696701049804688e+01 1.188163089752197266e+01 -3.769040480256080627e-02
1.186609554290771484e+01 1.190130233764648438e+01 -3.600678592920303345e-02
1.191580104827880859e+01 1.192032718658447266e+01 -3.394230455160140991e-02
1.196530532836914062e+01 1.193951129913330078e+01 -3.160308301448822021e-02
1.201538562774658203e+01 1.195806312561035156e+01 -2.890453115105628967e-02
1.206527709960937500e+01 1.197675991058349609e+01 -2.592279016971588135e-02
1.211535930633544922e+01 1.199520874023437500e+01 -2.261486463248729706e-02
1.216544437408447266e+01 1.201253509521484375e+01 -1.897062174975872040e-02
1.221589946746826172e+01 1.203048324584960938e+01 -1.501679420471191406e-02
1.226693344116210938e+01 1.204776954650878906e+01 -1.068909838795661926e-02
1.231777572631835938e+01 1.206519889831542969e+01 -6.090469658374786377e-03
1.236918640136718750e+01 1.208195877075195312e+01 -1.107975840568542480e-03
1.241456508636474609e+01 1.210715198516845703e+01 -4.176661372184753418e-03
1.245954227447509766e+01 1.213309288024902344e+01 -8.319690823554992676e-03
1.250437355041503906e+01 1.215914058685302734e+01 -1.215777546167373657e-02
1.254939651489257812e+01 1.218495750427246094e+01 -1.572224497795104980e-02
1.259441280364990234e+01 1.220968627929687500e+01 -1.901891827583312988e-02
1.263980293273925781e+01 1.223505020141601562e+01 -2.205200493335723877e-02
1.268570995330810547e+01 1.225985050201416016e+01 -2.483563125133514404e-02
1.273148345947265625e+01 1.228474712371826172e+01 -2.733319997787475586e-02
1.277776241302490234e+01 1.230907726287841797e+01 -2.958029508590698242e-02
1.282391929626464844e+01 1.233348083496093750e+01 -3.153122961521148682e-02
1.287057876586914062e+01 1.235731887817382812e+01 -3.323544561862945557e-02
1.291710567474365234e+01 1.238124179840087891e+01 -3.464704751968383789e-02
1.296382808685302734e+01 1.240491962432861328e+01 -3.579398989677429199e-02
1.301053047180175781e+01 1.242748069763183594e+01 -3.668738901615142822e-02
1.305763244628906250e+01 1.245065116882324219e+01 -3.730323910713195801e-02
1.310525894165039062e+01 1.247321796417236328e+01 -3.766620159149169922e-02
1.315273761749267578e+01 1.249587059020996094e+01 -3.774070739746093750e-02
1.320075130462646484e+01 1.251791095733642578e+01 -3.756135702133178711e-02
1.324860858917236328e+01 1.254004192352294922e+01 -3.710797429084777832e-02
1.329700088500976562e+01 1.256154441833496094e+01 -3.639936447143554688e-02
1.334524726867675781e+01 1.258313941955566406e+01 -3.541603684425354004e-02
1.339368820190429688e+01 1.260445594787597656e+01 -3.416845202445983887e-02
1.344209671020507812e+01 1.262464904785156250e+01 -3.268977999687194824e-02
1.349091625213623047e+01 1.264541435241699219e+01 -3.090882301330566406e-02
1.354026508331298828e+01 1.266554450988769531e+01 -2.887955307960510254e-02
1.358946514129638672e+01 1.268575286865234375e+01 -2.657800912857055664e-02
1.363918209075927734e+01 1.270532417297363281e+01 -2.403184771537780762e-02
1.368875789642333984e+01 1.272495365142822266e+01 -2.120682597160339355e-02
1.373886394500732422e+01 1.274393367767333984e+01 -1.813271641731262207e-02
1.378881359100341797e+01 1.276298713684082031e+01 -1.479703187942504883e-02
1.383894443511962891e+01 1.278175544738769531e+01 -1.119768619537353516e-02
1.388901805877685547e+01 1.279940319061279297e+01 -7.416099309921264648e-03
1.393952369689941406e+01 1.281756687164306641e+01 -3.311097621917724609e-03
1.399054527282714844e+01 1.283507633209228516e+01 1.048177480697631836e-03
1.404052257537841797e+01 1.285371971130371094e+01 4.905611276626586914e-03
1.408641624450683594e+01 1.287726783752441406e+01 5.042046308517456055e-03
1.413211441040039062e+01 1.290096473693847656e+01 5.348682403564453125e-03
1.417835330963134766e+01 1.292396354675292969e+01 5.867540836334228516e-03
1.422440719604492188e+01 1.294710540771484375e+01 6.543427705764770508e-03
1.427062797546386719e+01 1.296996974945068359e+01 7.406115531921386719e-03
1.431739425659179688e+01 1.299214744567871094e+01 8.482694625854492188e-03
1.436344432830810547e+01 1.301392173767089844e+01 9.695053100585937500e-03
1.441054534912109375e+01 1.303553390502929688e+01 1.113647222518920898e-02
1.445745944976806641e+01 1.305727100372314453e+01 1.272124052047729492e-02
1.450490665435791016e+01 1.307831382751464844e+01 1.451388001441955566e-02
1.455215167999267578e+01 1.309949207305908203e+01 1.644068956375122070e-02
1.459993934631347656e+01 1.311995029449462891e+01 1.858529448509216309e-02
1.464752388000488281e+01 1.314054489135742188e+01 2.084910869598388672e-02
1.469527149200439453e+01 1.316084861755371094e+01 2.328947186470031738e-02
1.474354648590087891e+01 1.318043231964111328e+01 2.593272924423217773e-02
1.479108810424804688e+01 1.319964981079101562e+01 2.868372201919555664e-02
1.483968925476074219e+01 1.321864700317382812e+01 3.165286779403686523e-02
1.488807964324951172e+01 1.323778247833251953e+01 3.474017977714538574e-02
1.493700313568115234e+01 1.325617599487304688e+01 3.803330659866333008e-02
1.498570823669433594e+01 1.327471256256103516e+01 4.143834114074707031e-02
1.503494262695312500e+01 1.329251575469970703e+01 4.504585266113281250e-02
1.508396148681640625e+01 1.331044292449951172e+01 4.876393079757690430e-02
1.513313579559326172e+01 1.332807540893554688e+01 5.262726545333862305e-02
1.518281459808349609e+01 1.334497165679931641e+01 5.667686462402343750e-02
1.523173046112060547e+01 1.336152553558349609e+01 6.080019474029541016e-02
1.528170871734619141e+01 1.337780570983886719e+01 6.515735387802124023e-02
1.533146476745605469e+01 1.339421939849853516e+01 6.959998607635498047e-02
1.538172340393066406e+01 1.340989780426025391e+01 7.423913478851318359e-02
1.543176364898681641e+01 1.342570114135742188e+01 7.895892858505249023e-02
1.548230457305908203e+01 1.344075679779052734e+01 8.387237787246704102e-02
1.553164958953857422e+01 1.345785331726074219e+01 8.687639236450195312e-02
1.557859992980957031e+01 1.347966575622558594e+01 8.474212884902954102e-02
1.562598896026611328e+01 1.350083732604980469e+01 8.263784646987915039e-02
1.567264652252197266e+01 1.352157306671142578e+01 8.066493272781372070e-02
1.572030353546142578e+01 1.354215240478515625e+01 7.870024442672729492e-02
1.576777458190917969e+01 1.356278991699218750e+01 7.683992385864257812e-02
1.581568241119384766e+01 1.358276844024658203e+01 7.500624656677246094e-02
1.586339950561523438e+01 1.360281372070312500e+01 7.326436042785644531e-02
1.591156196594238281e+01 1.362219619750976562e+01 7.156729698181152344e-02
1.595952415466308594e+01 1.364165019989013672e+01 6.993210315704345703e-02
1.600761604309082031e+01 1.366079139709472656e+01 6.837385892868041992e-02
1.605611991882324219e+01 1.367929267883300781e+01 6.682550907135009766e-02
1.610387039184570312e+01 1.369738769531250000e+01 6.537395715713500977e-02
1.615260505676269531e+01 1.371528816223144531e+01 6.393718719482421875e-02
1.620113182067871094e+01 1.373325729370117188e+01 6.256258487701416016e-02
1.625007438659667969e+01 1.375056838989257812e+01 6.120604276657104492e-02
1.629881286621093750e+01 1.376793766021728516e+01 5.991780757904052734e-02
1.634795379638671875e+01 1.378465461730957031e+01 5.863881111145019531e-02
1.639689254760742188e+01 1.380144882202148438e+01 5.742353200912475586e-02
1.644592475891113281e+01 1.381793975830078125e+01 5.623763799667358398e-02
1.649535560607910156e+01 1.383377838134765625e+01 5.507731437683105469e-02
1.654397773742675781e+01 1.384927177429199219e+01 5.396646261215209961e-02
1.659357643127441406e+01 1.386452484130859375e+01 5.285340547561645508e-02
1.664295387268066406e+01 1.387985992431640625e+01 5.178821086883544922e-02
1.669271850585937500e+01 1.389452838897705078e+01 5.073970556259155273e-02
1.674225425720214844e+01 1.390928649902343750e+01 4.971283674240112305e-02
1.679215621948242188e+01 1.392338848114013672e+01 4.869782924652099609e-02
1.684183502197265625e+01 1.393757724761962891e+01 4.771488904953002930e-02
1.689158058166503906e+01 1.395147991180419922e+01 4.674214124679565430e-02
1.694168663024902344e+01 1.396472835540771484e+01 4.578649997711181641e-02
1.699095344543457031e+01 1.397768306732177734e+01 4.485374689102172852e-02
1.704117393493652344e+01 1.399036979675292969e+01 4.391902685165405273e-02
1.709115219116210938e+01 1.400315856933593750e+01 4.298955202102661133e-02
1.714148330688476562e+01 1.401528453826904297e+01 4.207926988601684570e-02
1.719155311584472656e+01 1.402751922607421875e+01 4.116737842559814453e-02
