3.689358711242675781e+00 6.375637531280517578e+00 5.427181720733642578e-03
3.724338293075561523e+00 6.411125183105468750e+00 5.726575851440429688e-03
3.759545803070068359e+00 6.445954322814941406e+00 6.020426750183105469e-03
3.796466827392578125e+00 6.480959415435791016e+00 6.506323814392089844e-03
3.833877563476562500e+00 6.516220569610595703e+00 6.765782833099365234e-03
3.868368625640869141e+00 6.550960540771484375e+00 6.556451320648193359e-03
3.904115438461303711e+00 6.585813522338867188e+00 6.287872791290283203e-03
3.939976453781127930e+00 6.621088981628417969e+00 6.025612354278564453e-03
3.976596355438232422e+00 6.655938148498535156e+00 5.767881870269775391e-03
4.012969493865966797e+00 6.690832614898681641e+00 5.378365516662597656e-03
4.050601959228515625e+00 6.726113319396972656e+00 4.998505115509033203e-03
4.085650920867919922e+00 6.760188102722167969e+00 4.223227500915527344e-03
4.120531082153320312e+00 6.795199394226074219e+00 3.451704978942871094e-03
4.152865886688232422e+00 6.826486110687255859e+00 2.817332744598388672e-03
4.186766147613525391e+00 6.858525753021240234e+00 2.024054527282714844e-03
4.220896720886230469e+00 6.891901016235351562e+00 1.105785369873046875e-03
4.256092548370361328e+00 6.927603721618652344e+00 -1.504421234130859375e-04
4.292607784271240234e+00 6.963850498199462891e+00 -1.542985439300537109e-03
4.329123973846435547e+00 7.000308990478515625e+00 -3.072917461395263672e-03
4.368323326110839844e+00 7.037061691284179688e+00 -4.336237907409667969e-03
4.409137248992919922e+00 7.074557781219482422e+00 -3.290295600891113281e-03
4.449835777282714844e+00 7.112321376800537109e+00 -2.257883548736572266e-03
4.488605499267578125e+00 7.149353981018066406e+00 -1.388967037200927734e-03
4.526637077331542969e+00 7.185192584991455078e+00 -9.791851043701171875e-04
4.566068172454833984e+00 7.221776962280273438e+00 -5.957484245300292969e-04
4.605114936828613281e+00 7.258021831512451172e+00 -2.622902393341064453e-04
4.644421577453613281e+00 7.293669223785400391e+00 1.043081283569335938e-05
4.683567047119140625e+00 7.328835487365722656e+00 1.184344291687011719e-04
4.723705291748046875e+00 7.363879203796386719e+00 2.039074897766113281e-04
4.763967037200927734e+00 7.398646354675292969e+00 2.542734146118164062e-04
4.804696083068847656e+00 7.433484077453613281e+00 2.996325492858886719e-04
4.845697879791259766e+00 7.467434883117675781e+00 2.589225769042968750e-04
4.886084079742431641e+00 7.500866889953613281e+00 2.037584781646728516e-04
4.927449703216552734e+00 7.533790588378906250e+00 1.101493835449218750e-04
4.967406749725341797e+00 7.565378189086914062e+00 1.862645149230957031e-05
5.007786750793457031e+00 7.596502304077148438e+00 -1.308917999267578125e-04
5.048500061035156250e+00 7.628579139709472656e+00 -3.072321414947509766e-04
5.090685844421386719e+00 7.661695957183837891e+00 -5.555748939514160156e-04
5.134794235229492188e+00 7.696733474731445312e+00 -9.074807167053222656e-04
5.179899692535400391e+00 7.732887744903564453e+00 -1.276463270187377930e-03
5.218469619750976562e+00 7.765784740447998047e+00 -1.622468233108520508e-03
5.256709575653076172e+00 7.797554016113281250e+00 -1.972258090972900391e-03
5.295570373535156250e+00 7.829331398010253906e+00 -2.366304397583007812e-03
5.333891391754150391e+00 7.860530853271484375e+00 -2.742350101470947266e-03
5.372929096221923828e+00 7.891597270965576172e+00 -3.180742263793945312e-03
5.412523269653320312e+00 7.923627853393554688e+00 -3.674775362014770508e-03
5.451923370361328125e+00 7.954891204833984375e+00 -4.119783639907836914e-03
5.489940166473388672e+00 7.985358715057373047e+00 -4.552781581878662109e-03
5.527673721313476562e+00 8.015831947326660156e+00 -5.037426948547363281e-03
5.567260265350341797e+00 8.047739982604980469e+00 -5.634486675262451172e-03
5.607707977294921875e+00 8.080652236938476562e+00 -4.392683506011962891e-03
5.649317741394042969e+00 8.113592147827148438e+00 -3.071367740631103516e-03
5.690743446350097656e+00 8.147222518920898438e+00 -1.878440380096435547e-03
5.732543468475341797e+00 8.180238723754882812e+00 -7.578730583190917969e-04
5.773700714111328125e+00 8.212411880493164062e+00 3.392100334167480469e-04
5.815207958221435547e+00 8.243954658508300781e+00 1.399278640747070312e-03
5.856513500213623047e+00 8.275687217712402344e+00 2.425819635391235352e-03
5.897919654846191406e+00 8.307411193847656250e+00 3.417670726776123047e-03
5.938461780548095703e+00 8.338045120239257812e+00 4.414260387420654297e-03
5.976055145263671875e+00 8.365777015686035156e+00 5.376428365707397461e-03
6.014438629150390625e+00 8.392473220825195312e+00 6.241559982299804688e-03
6.053359985351562500e+00 8.419208526611328125e+00 7.064342498779296875e-03
6.093777656555175781e+00 8.447149276733398438e+00 7.918864488601684570e-03
6.134675025939941406e+00 8.484216690063476562e+00 8.966445922851562500e-03
6.177755355834960938e+00 8.518319129943847656e+00 9.419262409210205078e-03
6.222825050354003906e+00 8.550628662109375000e+00 9.802818298339843750e-03
6.260448455810546875e+00 8.580310821533203125e+00 1.011735200881958008e-02
6.301510334014892578e+00 8.612437248229980469e+00 1.043087244033813477e-02
6.341488838195800781e+00 8.642980575561523438e+00 1.053673028945922852e-02
6.384032726287841797e+00 8.674182891845703125e+00 1.060110330581665039e-02
6.427567481994628906e+00 8.705973625183105469e+00 1.067388057708740234e-02
6.474080562591552734e+00 8.738621711730957031e+00 1.078701019287109375e-02
6.519699096679687500e+00 8.768747329711914062e+00 1.115885376930236816e-02
6.562550067901611328e+00 8.796783447265625000e+00 1.137813925743103027e-02
6.603468894958496094e+00 8.825291633605957031e+00 1.124835014343261719e-02
6.644383430480957031e+00 8.854127883911132812e+00 1.115953922271728516e-02
6.686683177947998047e+00 8.883036613464355469e+00 1.115360856056213379e-02
6.729618549346923828e+00 8.912525177001953125e+00 1.112008094787597656e-02
6.773872375488281250e+00 8.942494392395019531e+00 1.099002361297607422e-02
6.815155982971191406e+00 8.972366333007812500e+00 1.076459884643554688e-02
6.856165409088134766e+00 9.001682281494140625e+00 1.042407751083374023e-02
6.897067546844482422e+00 9.030805587768554688e+00 9.936779737472534180e-03
6.938319206237792969e+00 9.059526443481445312e+00 9.431213140487670898e-03
6.979230880737304688e+00 9.088654518127441406e+00 8.912026882171630859e-03
7.017970085144042969e+00 9.118325233459472656e+00 8.377879858016967773e-03
7.057936668395996094e+00 9.148035049438476562e+00 7.793068885803222656e-03
7.099436283111572266e+00 9.177954673767089844e+00 7.243037223815917969e-03
7.143052101135253906e+00 9.208549499511718750e+00 6.660491228103637695e-03
7.184265613555908203e+00 9.237775802612304688e+00 6.062209606170654297e-03
7.226407527923583984e+00 9.266470909118652344e+00 5.489349365234375000e-03
7.268408298492431641e+00 9.294883728027343750e+00 4.972785711288452148e-03
7.310877323150634766e+00 9.323643684387207031e+00 4.248589277267456055e-03
7.352343559265136719e+00 9.353193283081054688e+00 3.498554229736328125e-03
7.394340991973876953e+00 9.382505416870117188e+00 2.891153097152709961e-03
7.443656921386718750e+00 9.413545608520507812e+00 2.535581588745117188e-03
7.490475654602050781e+00 9.443572998046875000e+00 2.129286527633666992e-03
7.533836364746093750e+00 9.469269752502441406e+00 1.756042242050170898e-03
7.578994274139404297e+00 9.496636390686035156e+00 1.344174146652221680e-03
7.624103069305419922e+00 9.523973464965820312e+00 9.289532899856567383e-04
7.668054580688476562e+00 9.551388740539550781e+00 4.486292600631713867e-04
7.709380149841308594e+00 9.577331542968750000e+00 1.725107431411743164e-04
7.750998973846435547e+00 9.604237556457519531e+00 8.885562419891357422e-05
7.794430732727050781e+00 9.630341529846191406e+00 3.308057785034179688e-05
7.837409973144531250e+00 9.656871795654296875e+00 -5.722045898437500000e-06
7.880461692810058594e+00 9.683576583862304688e+00 -2.759695053100585938e-05
7.922913074493408203e+00 9.710246086120605469e+00 1.767277717590332031e-05
7.964846611022949219e+00 9.740395545959472656e+00 1.142174005508422852e-04
8.007225036621093750e+00 9.770078659057617188e+00 2.586990594863891602e-04
8.050926208496093750e+00 9.800691604614257812e+00 3.964900970458984375e-04
8.094118118286132812e+00 9.829548835754394531e+00 4.573166370391845703e-04
8.136567115783691406e+00 9.858317375183105469e+00 4.917085170745849609e-04
8.180230140686035156e+00 9.887163162231445312e+00 4.739463329315185547e-04
8.225311279296875000e+00 9.917196273803710938e+00 3.897249698638916016e-04
8.271663665771484375e+00 9.947666168212890625e+00 4.043877124786376953e-04
8.318099021911621094e+00 9.977160453796386719e+00 6.772577762603759766e-04
8.364881515502929688e+00 1.000709152221679688e+01 1.108497381210327148e-03
8.412665367126464844e+00 1.003566265106201172e+01 1.619815826416015625e-03
8.461958885192871094e+00 1.006523513793945312e+01 2.218574285507202148e-03
8.508969306945800781e+00 1.009125232696533203e+01 2.827346324920654297e-03
8.555551528930664062e+00 1.011759281158447266e+01 3.480762243270874023e-03
8.602421760559082031e+00 1.014365959167480469e+01 4.158481955528259277e-03
8.648774147033691406e+00 1.017013359069824219e+01 4.818052053451538086e-03
8.698134422302246094e+00 1.019680023193359375e+01 5.348920822143554688e-03
8.748867034912109375e+00 1.022193908691406250e+01 5.799710750579833984e-03
8.799042701721191406e+00 1.024815654754638672e+01 6.257414817810058594e-03
8.842176437377929688e+00 1.027290058135986328e+01 6.474286317825317383e-03
8.883792877197265625e+00 1.029790592193603516e+01 6.717056035995483398e-03
8.925463676452636719e+00 1.032113838195800781e+01 6.580263376235961914e-03
8.967296600341796875e+00 1.034359455108642578e+01 6.225019693374633789e-03
9.009481430053710938e+00 1.036576080322265625e+01 5.865067243576049805e-03
9.051782608032226562e+00 1.038819599151611328e+01 5.329281091690063477e-03
9.094367980957031250e+00 1.041078090667724609e+01 4.752650856971740723e-03
9.136783599853515625e+00 1.043262577056884766e+01 4.163876175880432129e-03
9.178576469421386719e+00 1.045655345916748047e+01 3.613859415054321289e-03
9.220893859863281250e+00 1.048082256317138672e+01 3.022044897079467773e-03
9.263936042785644531e+00 1.050614166259765625e+01 2.412006258964538574e-03
9.307923316955566406e+00 1.053153896331787109e+01 1.760706305503845215e-03
9.351525306701660156e+00 1.055751132965087891e+01 1.076772809028625488e-03
9.395408630371093750e+00 1.058326053619384766e+01 3.599226474761962891e-04
9.438957214355468750e+00 1.060946369171142578e+01 -3.173053264617919922e-04
9.483154296875000000e+00 1.063636112213134766e+01 -1.184076070785522461e-03
9.527912139892578125e+00 1.066208267211914062e+01 -2.110809087753295898e-03
9.573057174682617188e+00 1.068906497955322266e+01 -3.012582659721374512e-03
9.617343902587890625e+00 1.071488094329833984e+01 -3.962248563766479492e-03
9.662548065185546875e+00 1.074108982086181641e+01 -5.003094673156738281e-03
9.708389282226562500e+00 1.076706314086914062e+01 -5.943387746810913086e-03
9.754421234130859375e+00 1.079340362548828125e+01 -6.831228733062744141e-03
9.798362731933593750e+00 1.081933593750000000e+01 -7.762059569358825684e-03
9.842275619506835938e+00 1.084582519531250000e+01 -8.749932050704956055e-03
9.890037536621093750e+00 1.087293624877929688e+01 -8.456543087959289551e-03
9.938072204589843750e+00 1.089634132385253906e+01 -7.732868194580078125e-03
9.985732078552246094e+00 1.091960906982421875e+01 -6.972596049308776855e-03
1.003373622894287109e+01 1.094249153137207031e+01 -6.216898560523986816e-03
1.008120918273925781e+01 1.096585845947265625e+01 -5.489364266395568848e-03
1.012706470489501953e+01 1.098898696899414062e+01 -4.869729280471801758e-03
1.017271137237548828e+01 1.101209449768066406e+01 -3.921076655387878418e-03
1.021910667419433594e+01 1.103454494476318359e+01 -2.647697925567626953e-03
1.026541900634765625e+01 1.105706691741943359e+01 -1.389905810356140137e-03
1.030957221984863281e+01 1.107926082611083984e+01 -2.403855323791503906e-04
1.035353946685791016e+01 1.110093593597412109e+01 9.138882160186767578e-04
1.039729022979736328e+01 1.112379741668701172e+01 2.066865563392639160e-03
1.044112873077392578e+01 1.114694023132324219e+01 3.231495618820190430e-03
1.048582267761230469e+01 1.117161178588867188e+01 4.302680492401123047e-03
1.053216552734375000e+01 1.119638919830322266e+01 5.492791533470153809e-03
1.057881355285644531e+01 1.122182559967041016e+01 6.680622696876525879e-03
1.062600517272949219e+01 1.124715614318847656e+01 7.834538817405700684e-03
1.067387485504150391e+01 1.127383518218994141e+01 8.790567517280578613e-03
1.072277832031250000e+01 1.130069351196289062e+01 9.726986289024353027e-03
1.077145195007324219e+01 1.132606315612792969e+01 1.063664257526397705e-02
1.081912899017333984e+01 1.135080337524414062e+01 1.163434982299804688e-02
1.086627769470214844e+01 1.137521743774414062e+01 1.265883445739746094e-02
1.091104412078857422e+01 1.139856052398681641e+01 1.356899738311767578e-02
1.096119976043701172e+01 1.142137050628662109e+01 1.428659260272979736e-02
1.100739479064941406e+01 1.144338035583496094e+01 1.493826508522033691e-02
1.104880619049072266e+01 1.146387767791748047e+01 1.570589840412139893e-02
1.109086704254150391e+01 1.148635959625244141e+01 1.637104153633117676e-02
1.112974643707275391e+01 1.150610256195068359e+01 1.697719097137451172e-02
1.117128467559814453e+01 1.152525997161865234e+01 1.778703927993774414e-02
1.121841716766357422e+01 1.154690647125244141e+01 1.872014999389648438e-02
1.126813602447509766e+01 1.157007598876953125e+01 2.060325443744659424e-02
1.131660461425781250e+01 1.159247970581054688e+01 2.235914766788482666e-02
1.136513519287109375e+01 1.161446094512939453e+01 2.408123016357421875e-02
1.141464519500732422e+01 1.163742923736572266e+01 2.571991086006164551e-02
1.146560287475585938e+01 1.165946578979492188e+01 2.735535800457000732e-02
1.151278209686279297e+01 1.168006134033203125e+01 2.875010669231414795e-02
1.156057834625244141e+01 1.170103263854980469e+01 3.009670972824096680e-02
1.160820293426513672e+01 1.172163009643554688e+01 3.124268352985382080e-02
1.165590095520019531e+01 1.174347591400146484e+01 3.154447674751281738e-02
1.170329666137695312e+01 1.176638031005859375e+01 2.887508273124694824e-02
1.174830436706542969e+01 1.178925514221191406e+01 2.633279561996459961e-02
1.179399681091308594e+01 1.181210422515869141e+01 2.365796267986297607e-02
1.183989524841308594e+01 1.183544254302978516e+01 2.098093181848526001e-02
1.188682079315185547e+01 1.185864162445068359e+01 1.820182800292968750e-02
1.193271160125732422e+01 1.188190937042236328e+01 1.546874642372131348e-02
1.197889423370361328e+01 1.190497303009033203e+01 1.222978532314300537e-02
1.202360248565673828e+01 1.192450046539306641e+01 8.993543684482574463e-03
1.207213687896728516e+01 1.194755840301513672e+01 7.551833987236022949e-03
1.212048530578613281e+01 1.197221183776855469e+01 8.851081132888793945e-03
1.216626644134521484e+01 1.199345779418945312e+01 9.997382760047912598e-03
1.221226024627685547e+01 1.201379966735839844e+01 1.104517281055450439e-02
1.225822353363037109e+01 1.203507804870605469e+01 1.204624772071838379e-02
1.230453586578369141e+01 1.205600261688232422e+01 1.298955082893371582e-02
1.235126113891601562e+01 1.207666397094726562e+01 1.403078436851501465e-02
1.240006160736083984e+01 1.209774780273437500e+01 1.518467068672180176e-02
1.244868469238281250e+01 1.211744880676269531e+01 1.627692580223083496e-02
1.249779796600341797e+01 1.213813018798828125e+01 1.732233166694641113e-02
1.254730224609375000e+01 1.215833950042724609e+01 1.821464300155639648e-02
1.259627628326416016e+01 1.217917346954345703e+01 1.872578263282775879e-02
1.264574241638183594e+01 1.219935607910156250e+01 1.924099028110504150e-02
1.269415569305419922e+01 1.222105693817138672e+01 1.944980025291442871e-02
1.274303817749023438e+01 1.224311923980712891e+01 1.946158707141876221e-02
1.279149341583251953e+01 1.226595687866210938e+01 1.935565471649169922e-02
1.283717536926269531e+01 1.228638744354248047e+01 1.935450732707977295e-02
1.288251781463623047e+01 1.230571174621582031e+01 1.925349235534667969e-02
1.292865180969238281e+01 1.232506656646728516e+01 1.895925402641296387e-02
1.297470378875732422e+01 1.234458446502685547e+01 1.864431798458099365e-02
1.302041721343994141e+01 1.236511135101318359e+01 1.845943927764892578e-02
1.306654548645019531e+01 1.238519763946533203e+01 1.830965280532836914e-02
1.311261749267578125e+01 1.240547466278076172e+01 1.822800934314727783e-02
1.315930938720703125e+01 1.242524242401123047e+01 1.821401715278625488e-02
1.320636653900146484e+01 1.244485950469970703e+01 1.817789673805236816e-02
1.325346660614013672e+01 1.246405315399169922e+01 1.819264888763427734e-02
1.330068206787109375e+01 1.248269844055175781e+01 1.850947737693786621e-02
1.334748840332031250e+01 1.250409698486328125e+01 1.748633384704589844e-02
1.339501285552978516e+01 1.252544498443603516e+01 1.648014783859252930e-02
1.344237136840820312e+01 1.254702949523925781e+01 1.558613777160644531e-02
1.349076366424560547e+01 1.256832122802734375e+01 1.477277278900146484e-02
1.353898620605468750e+01 1.258984947204589844e+01 1.410239934921264648e-02
1.358867263793945312e+01 1.261164474487304688e+01 1.378813385963439941e-02
1.364000129699707031e+01 1.263332271575927734e+01 1.368522644042968750e-02
1.369232177734375000e+01 1.265405654907226562e+01 1.372718811035156250e-02
1.374231529235839844e+01 1.267221832275390625e+01 1.390665769577026367e-02
1.379130649566650391e+01 1.269052219390869141e+01 1.428979635238647461e-02
1.383900070190429688e+01 1.270832824707031250e+01 1.479154825210571289e-02
1.388703441619873047e+01 1.272663402557373047e+01 1.550972461700439453e-02
1.393141078948974609e+01 1.274308395385742188e+01 1.604866981506347656e-02
1.397591590881347656e+01 1.276191902160644531e+01 1.570641994476318359e-02
1.402090358734130859e+01 1.278023910522460938e+01 1.551756262779235840e-02
1.406565380096435547e+01 1.279879760742187500e+01 1.551252603530883789e-02
1.411079120635986328e+01 1.281717014312744141e+01 1.568326354026794434e-02
1.415850639343261719e+01 1.283670330047607422e+01 1.589590311050415039e-02
1.420529270172119141e+01 1.285681438446044922e+01 1.540571451187133789e-02
1.425239944458007812e+01 1.287823390960693359e+01 1.302582025527954102e-02
1.429951286315917969e+01 1.289978027343750000e+01 1.081258058547973633e-02
1.434709072113037109e+01 1.292091369628906250e+01 8.767843246459960938e-03
1.439423084259033203e+01 1.294261550903320312e+01 7.193714380264282227e-03
1.444148063659667969e+01 1.296578598022460938e+01 6.163120269775390625e-03
1.448866844177246094e+01 1.298950004577636719e+01 5.290091037750244141e-03
1.454418563842773438e+01 1.300955963134765625e+01 4.268109798431396484e-03
1.459757137298583984e+01 1.302791786193847656e+01 3.553211688995361328e-03
1.464587020874023438e+01 1.304570198059082031e+01 2.797842025756835938e-03
1.469551753997802734e+01 1.306555843353271484e+01 1.680433750152587891e-03
1.474510574340820312e+01 1.308657360076904297e+01 8.502602577209472656e-04
1.479205131530761719e+01 1.310562419891357422e+01 2.217888832092285156e-04
1.483439254760742188e+01 1.312312889099121094e+01 -3.294050693511962891e-04
1.488030624389648438e+01 1.314236450195312500e+01 -8.216798305511474609e-04
1.492614078521728516e+01 1.316461086273193359e+01 -1.516193151473999023e-03
1.497373104095458984e+01 1.318706989288330078e+01 -2.008885145187377930e-03
1.502208709716796875e+01 1.320900917053222656e+01 -2.324223518371582031e-03
1.506910610198974609e+01 1.323103523254394531e+01 -2.447426319122314453e-03
1.511915969848632812e+01 1.325134658813476562e+01 -3.907442092895507812e-03
1.516814708709716797e+01 1.326964664459228516e+01 -8.944392204284667969e-03
1.521809673309326172e+01 1.328759765625000000e+01 -1.370742917060852051e-02
1.526838207244873047e+01 1.330620956420898438e+01 -1.804822683334350586e-02
1.531926441192626953e+01 1.332469463348388672e+01 -2.107024192810058594e-02
1.536983585357666016e+01 1.334438991546630859e+01 -2.329263091087341309e-02
1.542092990875244141e+01 1.336403942108154297e+01 -2.505740523338317871e-02
1.547574234008789062e+01 1.338019847869873047e+01 -2.755063772201538086e-02
1.552749538421630859e+01 1.339428234100341797e+01 -2.950447797775268555e-02
1.557964706420898438e+01 1.340813922882080078e+01 -3.090524673461914062e-02
1.563022804260253906e+01 1.342238616943359375e+01 -3.237479925155639648e-02
1.567343997955322266e+01 1.343653583526611328e+01 -3.313624858856201172e-02
1.571389579772949219e+01 1.345104598999023438e+01 -3.340995311737060547e-02
1.575779724121093750e+01 1.346429443359375000e+01 -3.362393379211425781e-02
1.580137538909912109e+01 1.347718524932861328e+01 -3.344154357910156250e-02
1.584529018402099609e+01 1.348920249938964844e+01 -3.290975093841552734e-02
1.588969230651855469e+01 1.350069046020507812e+01 -3.199124336242675781e-02
1.593332386016845703e+01 1.351206874847412109e+01 -3.069704771041870117e-02
1.597795867919921875e+01 1.352312564849853516e+01 -2.900803089141845703e-02
1.602209091186523438e+01 1.353417015075683594e+01 -2.696394920349121094e-02
1.606531906127929688e+01 1.354531383514404297e+01 -2.449834346771240234e-02
1.611273193359375000e+01 1.355834960937500000e+01 -2.135235071182250977e-02
1.616277885437011719e+01 1.357071495056152344e+01 -1.755499839782714844e-02
1.621299934387207031e+01 1.358286094665527344e+01 -1.293683052062988281e-02
1.626344299316406250e+01 1.359486961364746094e+01 -7.789254188537597656e-03
1.631446647644042969e+01 1.360632705688476562e+01 -2.064108848571777344e-03
1.636479187011718750e+01 1.361769962310791016e+01 4.117846488952636719e-03
1.641690826416015625e+01 1.362818336486816406e+01 1.095163822174072266e-02
1.646906661987304688e+01 1.363922595977783203e+01 1.837241649627685547e-02
1.652267456054687500e+01 1.365133857727050781e+01 2.626734972000122070e-02
1.657431030273437500e+01 1.367091178894042969e+01 3.273868560791015625e-02
1.662654304504394531e+01 1.369818401336669922e+01 4.002797603607177734e-02
1.667721748352050781e+01 1.372558689117431641e+01 4.763352870941162109e-02
1.672725105285644531e+01 1.375306701660156250e+01 5.558902025222778320e-02
1.677779579162597656e+01 1.378053092956542969e+01 6.408959627151489258e-02
1.682555198669433594e+01 1.380207824707031250e+01 5.498498678207397461e-02
1.686894226074218750e+01 1.382059955596923828e+01 4.506742954254150391e-02
1.690957069396972656e+01 1.383906841278076172e+01 3.642749786376953125e-02
1.695030593872070312e+01 1.385840129852294922e+01 2.873927354812622070e-02
1.699078750610351562e+01 1.387967872619628906e+01 2.209490537643432617e-02
