0.05 0.21841 0.02364 0 0.45558 -0.022056 0 0.69321 -0.010985 0 0.98618 0.0048662 0
0.1 0.22745 0.011794 0 0.45371 0.016553 0 0.67992 0.019392 0 0.99248 0.0085307 0
0.15 0.19208 -0.025255 0 0.49425 0.041812 0 0.70459 0.016292 0 1.0329 0.04716 0
0.2 0.19408 -0.020763 0 0.4624 0.030228 0 0.68269 0.0016485 0 1.0224 0.022093 0
0.25 0.24041 -0.0060388 0 0.4865 0.021989 0 0.70013 0.04766 0 1.0082 0.019728 0
0.3 0.24345 -0.010121 0 0.4676 0.017158 0 0.68887 0.0099558 0 0.97196 0.032973 0
0.35 0.24991 -0.028839 0 0.45951 0.0061214 0 0.67992 0.028131 0 0.95333 0.067462 0
0.4 0.2399 -0.024363 0 0.4609 0.020624 0 0.70345 -0.0071869 0 0.99195 0.088402 0
0.45 0.23265 0.0099821 0 0.47898 0.037048 0 0.6873 0.0021697 0 1.0037 0.097876 0
0.5 0.20708 0.023858 0 0.46025 0.031623 0 0.71488 0.07579 0 0.99118 0.14137 0
0.55 0.2189 -0.0099426 0 0.50246 0.0095304 0 0.70933 0.023753 0 0.98693 0.15207 0
0.6 0.24002 -0.0025672 0 0.4483 0.053258 0 0.70789 0.025678 0 0.97048 0.17116 0
0.65 0.23172 0.032636 0 0.46124 0.056767 0 0.70951 0.056644 0 0.99336 0.22519 0
0.7 0.24449 -0.02609 0 0.48646 0.038319 0 0.68112 0.10679 0 0.95081 0.25397 0
0.75 0.24461 -0.010555 0 0.44281 0.01581 0 0.6668 0.096146 0 0.93985 0.27812 0
0.8 0.23761 0.019947 0 0.4524 0.028322 0 0.69778 0.144 0 0.90534 0.26708 0
0.85 0.24544 -0.016183 0 0.48915 0.032942 0 0.7168 0.14631 0 0.88071 0.32359 0
0.9 0.21542 -0.035732 0 0.41985 0.010809 0 0.66227 0.15198 0 0.85337 0.35854 0
0.95 0.211 0.030157 0 0.46925 0.040946 0 0.66584 0.1721 0 0.78318 0.41059 0
1 0.24221 0.03433 0 0.45269 0.0539 0 0.68231 0.21184 0 0.75168 0.40067 0
1.05 0.22174 0.0059453 0 0.47264 0.063616 0 0.64617 0.21102 0 0.74219 0.45473 0
1.1 0.23326 0.033255 0 0.47245 0.05732 0 0.6118 0.20707 0 0.69878 0.47654 0
1.15 0.24039 -0.013858 0 0.45369 0.081798 0 0.60318 0.23853 0 0.65008 0.53382 0
1.2 0.21932 -0.025048 0 0.47388 0.09901 0 0.63826 0.27851 0 0.57037 0.49641 0
1.25 0.24054 0.034566 0 0.50443 0.085853 0 0.61437 0.27747 0 0.5409 0.52471 0
1.3 0.23285 0.013829 0 0.49184 0.11206 0 0.58571 0.28799 0 0.47674 0.51622 0
1.35 0.20307 0.011887 0 0.42406 0.14931 0 0.59213 0.26523 0 0.43126 0.51112 0
1.4 0.1947 0.032458 0 0.44209 0.12621 0 0.56521 0.32526 0 0.39696 0.55777 0
1.45 0.22838 0.015968 0 0.46615 0.10337 0 0.53579 0.32751 0 0.28809 0.49469 0
1.5 0.22765 0.043649 0 0.43475 0.1522 0 0.52044 0.32293 0 0.31882 0.46861 0
1.55 0.22316 0.013672 0 0.44867 0.15285 0 0.48715 0.36006 0 0.26517 0.44919 0
1.6 0.23448 0.023108 0 0.41825 0.13874 0 0.4756 0.36378 0 0.2519 0.42122 0
1.65 0.23435 0.0096098 0 0.44031 0.13688 0 0.43872 0.36249 0 0.20018 0.35788 0
1.7 0.23805 0.016079 0 0.45184 0.16023 0 0.40427 0.36895 0 0.18444 0.33172 0
1.75 0.27099 0.053915 0 0.43021 0.15043 0 0.38002 0.39655 0 0.18634 0.29973 0
1.8 0.23174 0.026196 0 0.41539 0.16596 0 0.367 0.37216 0 0.17319 0.21701 0
1.85 0.22006 0.0040174 0 0.41914 0.15412 0 0.36803 0.38439 0 0.20597 0.22518 0
1.9 0.20789 0.019911 0 0.3924 0.15076 0 0.32052 0.36446 0 0.2323 0.22232 0
1.95 0.21898 0.0021582 0 0.37626 0.18309 0 0.28937 0.34708 0 0.20389 0.1896 0
2 0.22572 0.033786 0 0.37427 0.15088 0 0.26279 0.356 0 0.22754 0.1809 0
2.05 0.2301 0.036609 0 0.3323 0.20565 0 0.23136 0.34834 0 0.28193 0.14743 0
2.1 0.21871 0.038777 0 0.38902 0.20359 0 0.23396 0.35676 0 0.29224 0.16729 0
2.15 0.23984 0.046384 0 0.36872 0.23258 0 0.1645 0.35167 0 0.29603 0.17698 0
2.2 0.21737 0.040879 0 0.34056 0.23392 0 0.17447 0.30893 0 0.31692 0.18079 0
2.25 0.20866 0.058606 0 0.34644 0.27749 0 0.16855 0.28703 0 0.2633 0.20775 0
2.3 0.19659 0.011093 0 0.35975 0.20321 0 0.14013 0.29747 0 0.2851 0.24967 0
2.35 0.19799 0.031466 0 0.32785 0.26049 0 0.12757 0.23594 0 0.23873 0.27667 0
2.4 0.22429 -0.0062666 0 0.31413 0.21235 0 0.14894 0.21473 0 0.21456 0.25988 0
2.45 0.23832 0.030893 0 0.32405 0.23993 0 0.13282 0.24471 0 0.22273 0.22574 0
2.5 0.23215 0.037899 0 0.30452 0.22473 0 0.11274 0.16532 0 0.18172 0.21421 0
2.55 0.2276 0.057616 0 0.29202 0.26587 0 0.11645 0.18892 0 0.15881 0.25752 0
2.6 0.22572 0.014347 0 0.2399 0.21041 0 0.10772 0.15517 0 0.13052 0.1593 0
2.65 0.25729 0.038762 0 0.27981 0.24181 0 0.14009 0.1435 0 0.1428 0.23356 0
2.7 0.21463 0.10518 0 0.21192 0.25444 0 0.12214 0.14385 0 0.11036 0.17136 0
2.75 0.19925 0.087534 0 0.25235 0.28109 0 0.15089 0.10347 0 0.12353 0.16165 0
2.8 0.24813 0.095391 0 0.23926 0.25837 0 0.23424 0.11619 0 0.1465 0.12069 0
2.85 0.18339 0.080914 0 0.17797 0.22948 0 0.2012 0.11232 0 0.24537 0.13851 0
2.9 0.20461 0.066181 0 0.18522 0.24288 0 0.18886 0.16234 0 0.16916 0.153 0
2.95 0.24768 0.037814 0 0.18897 0.22442 0 0.23109 0.1295 0 0.20877 0.14501 0
3 0.22636 0.045516 0 0.12801 0.24109 0 0.1846 0.13317 0 0.22806 0.16009 0
3.05 0.18942 0.0545 0 0.20854 0.263 0 0.22288 0.16924 0 0.18682 0.15333 0
3.1 0.20261 0.052865 0 0.12574 0.23215 0 0.1956 0.15917 0 0.16519 0.1935 0
