-1.083820313215255737e-01,-1.128718927502632141e-01,-9.392508864402770996e-02,-1.436893492937088013e-01,9.931019693613052368e-02,-2.733356319367885590e-02,2.544021233916282654e-02,-9.229686856269836426e-02,-1.815526336431503296e-01,2.524857819080352783e-01
-1.083489656448364258e-01,-1.125877127051353455e-01,-9.371890127658843994e-02,-1.434463560581207275e-01,9.928090870380401611e-02,-2.728333137929439545e-02,2.543216198682785034e-02,-9.216387569904327393e-02,-1.814023107290267944e-01,2.524240016937255859e-01
-1.083147972822189331e-01,-1.122940406203269958e-01,-9.350581467151641846e-02,-1.431952416896820068e-01,9.925063699483871460e-02,-2.723141573369503021e-02,2.542383968830108643e-02,-9.202643483877182007e-02,-1.812469661235809326e-01,2.523601651191711426e-01
-1.082796007394790649e-01,-1.119915470480918884e-01,-9.328633546829223633e-02,-1.429366320371627808e-01,9.921945631504058838e-02,-2.717794664204120636e-02,2.541527152061462402e-02,-9.188490360975265503e-02,-1.810869872570037842e-01,2.522944211959838867e-01
-1.082433015108108521e-01,-1.116795167326927185e-01,-9.305992722511291504e-02,-1.426698416471481323e-01,9.918729215860366821e-02,-2.712278626859188080e-02,2.540643140673637390e-02,-9.173887968063354492e-02,-1.809219419956207275e-01,2.522265613079071045e-01
-1.082057878375053406e-01,-1.113571450114250183e-01,-9.282602369785308838e-02,-1.423941999673843384e-01,9.915406256914138794e-02,-2.706579491496086121e-02,2.539729699492454529e-02,-9.158801287412643433e-02,-1.807514131069183350e-01,2.521564960479736328e-01
-1.081671640276908875e-01,-1.110251024365425110e-01,-9.258510172367095947e-02,-1.421103030443191528e-01,9.911983460187911987e-02,-2.700709924101829529e-02,2.538789249956607819e-02,-9.143263101577758789e-02,-1.805757880210876465e-01,2.520843148231506348e-01
-1.081273108720779419e-01,-1.106826141476631165e-01,-9.233660995960235596e-02,-1.418174654245376587e-01,9.908453375101089478e-02,-2.694655768573284149e-02,2.537818998098373413e-02,-9.127235412597656250e-02,-1.803946197032928467e-01,2.520098686218261719e-01
-1.080861538648605347e-01,-1.103288009762763977e-01,-9.207990765571594238e-02,-1.415149420499801636e-01,9.904806315898895264e-02,-2.688401564955711365e-02,2.536816708743572235e-02,-9.110678732395172119e-02,-1.802074760198593140e-01,2.519329488277435303e-01
-1.080437600612640381e-01,-1.099644377827644348e-01,-9.181554615497589111e-02,-1.412034034729003906e-01,9.901050478219985962e-02,-2.681960351765155792e-02,2.535784430801868439e-02,-9.093627333641052246e-02,-1.800147593021392822e-01,2.518537342548370361e-01
-1.080000475049018860e-01,-1.095886901021003723e-01,-9.154289960861206055e-02,-1.408821493387222290e-01,9.897177666425704956e-02,-2.675317786633968353e-02,2.534720115363597870e-02,-9.076043963432312012e-02,-1.798160076141357422e-01,2.517720460891723633e-01
-1.079548895359039307e-01,-1.092005595564842224e-01,-9.126128256320953369e-02,-1.405502706766128540e-01,9.893176704645156860e-02,-2.668456919491291046e-02,2.533620595932006836e-02,-9.057880938053131104e-02,-1.796106994152069092e-01,2.516876459121704102e-01
-1.079083979129791260e-01,-1.088009104132652283e-01,-9.097130596637725830e-02,-1.402085423469543457e-01,9.889057278633117676e-02,-2.661391906440258026e-02,2.532488666474819183e-02,-9.039177000522613525e-02,-1.793992966413497925e-01,2.516007721424102783e-01
-1.078604534268379211e-01,-1.083887889981269836e-01,-9.067231416702270508e-02,-1.398562192916870117e-01,9.884809702634811401e-02,-2.654107101261615753e-02,2.531321346759796143e-02,-9.019893407821655273e-02,-1.791813373565673828e-01,2.515111863613128662e-01
-1.078109368681907654e-01,-1.079631671309471130e-01,-9.036350250244140625e-02,-1.394923031330108643e-01,9.880422055721282959e-02,-2.646583318710327148e-02,2.530115842819213867e-02,-8.999975770711898804e-02,-1.789562106132507324e-01,2.514186501502990723e-01
-1.077599674463272095e-01,-1.075250282883644104e-01,-9.004560112953186035e-02,-1.391176730394363403e-01,9.875906258821487427e-02,-2.638838067650794983e-02,2.528874762356281281e-02,-8.979472517967224121e-02,-1.787244677543640137e-01,2.513234019279479980e-01
-1.077074110507965088e-01,-1.070732697844505310e-01,-8.971783518791198730e-02,-1.387314200401306152e-01,9.871249645948410034e-02,-2.630852535367012024e-02,2.527595311403274536e-02,-8.958332985639572144e-02,-1.784855127334594727e-01,2.512252032756805420e-01
-1.076531484723091125e-01,-1.066068336367607117e-01,-8.937938511371612549e-02,-1.383325904607772827e-01,9.866441041231155396e-02,-2.622606605291366577e-02,2.526274323463439941e-02,-8.936502784490585327e-02,-1.782387793064117432e-01,2.511237859725952148e-01
-1.075972989201545715e-01,-1.061267331242561340e-01,-8.903104066848754883e-02,-1.379221081733703613e-01,9.861492365598678589e-02,-2.614119835197925568e-02,2.524914592504501343e-02,-8.914037048816680908e-02,-1.779848337173461914e-01,2.510194182395935059e-01
-1.075397208333015442e-01,-1.056318208575248718e-01,-8.867195248603820801e-02,-1.374989598989486694e-01,9.856390953063964844e-02,-2.605370990931987762e-02,2.523512952029705048e-02,-8.890876919031143188e-02,-1.777230352163314819e-01,2.509118318557739258e-01
-1.074802875518798828e-01,-1.051208749413490295e-01,-8.830125629901885986e-02,-1.370620876550674438e-01,9.851124137639999390e-02,-2.596338652074337006e-02,2.522065863013267517e-02,-8.866967260837554932e-02,-1.774527877569198608e-01,2.508007586002349854e-01
-1.074191182851791382e-01,-1.045951023697853088e-01,-8.791977167129516602e-02,-1.366125494241714478e-01,9.845704585313796997e-02,-2.587044052779674530e-02,2.520577050745487213e-02,-8.842363208532333374e-02,-1.771746873855590820e-01,2.506864368915557861e-01
-1.073560863733291626e-01,-1.040532514452934265e-01,-8.752663433551788330e-02,-1.361492723226547241e-01,9.840119630098342896e-02,-2.577465772628784180e-02,2.519042603671550751e-02,-8.817006647586822510e-02,-1.768880784511566162e-01,2.505686581134796143e-01
-1.072911322116851807e-01,-1.034948751330375671e-01,-8.712148666381835938e-02,-1.356718391180038452e-01,9.834363311529159546e-02,-2.567594870924949646e-02,2.517461404204368591e-02,-8.790875226259231567e-02,-1.765927374362945557e-01,2.504472732543945312e-01
-1.072240918874740601e-01,-1.029185578227043152e-01,-8.670336008071899414e-02,-1.351791024208068848e-01,9.828422963619232178e-02,-2.557407505810260773e-02,2.515829540789127350e-02,-8.763906359672546387e-02,-1.762878894805908203e-01,2.503219842910766602e-01
-1.071551367640495300e-01,-1.023257449269294739e-01,-8.627323806285858154e-02,-1.346722096204757690e-01,9.822311997413635254e-02,-2.546927146613597870e-02,2.514150924980640411e-02,-8.736164122819900513e-02,-1.759743243455886841e-01,2.501930892467498779e-01
-1.070840880274772644e-01,-1.017149910330772400e-01,-8.583009243011474609e-02,-1.341500133275985718e-01,9.816016256809234619e-02,-2.536130324006080627e-02,2.512421645224094391e-02,-8.707583695650100708e-02,-1.756512522697448730e-01,2.500603199005126953e-01
-1.070107817649841309e-01,-1.010847613215446472e-01,-8.537285029888153076e-02,-1.336112022399902344e-01,9.809520095586776733e-02,-2.524990029633045197e-02,2.510637417435646057e-02,-8.678092062473297119e-02,-1.753179132938385010e-01,2.499233037233352661e-01
-1.069353967905044556e-01,-1.004366651177406311e-01,-8.490259945392608643e-02,-1.330570578575134277e-01,9.802839159965515137e-02,-2.513532899320125580e-02,2.508802339434623718e-02,-8.647763729095458984e-02,-1.749750971794128418e-01,2.497823983430862427e-01
-1.068577468395233154e-01,-9.976913779973983765e-02,-8.441829681396484375e-02,-1.324863284826278687e-01,9.795958548784255981e-02,-2.501732856035232544e-02,2.506912499666213989e-02,-8.616526424884796143e-02,-1.746220290660858154e-01,2.496372908353805542e-01
-1.067776530981063843e-01,-9.908059984445571899e-02,-8.391873538494110107e-02,-1.318976283073425293e-01,9.788861125707626343e-02,-2.489561215043067932e-02,2.504963427782058716e-02,-8.584306389093399048e-02,-1.742578297853469849e-01,2.494876086711883545e-01
-1.066953241825103760e-01,-9.837269037961959839e-02,-8.340515196323394775e-02,-1.312924027442932129e-01,9.781564027070999146e-02,-2.477047406136989594e-02,2.502959407866001129e-02,-8.551179617643356323e-02,-1.738834083080291748e-01,2.493337094783782959e-01
-1.066105440258979797e-01,-9.764384478330612183e-02,-8.287633955478668213e-02,-1.306692063808441162e-01,9.774051606655120850e-02,-2.464163303375244141e-02,2.500896155834197998e-02,-8.517072349786758423e-02,-1.734979003667831421e-01,2.491752505302429199e-01
-1.065231263637542725e-01,-9.689228981733322144e-02,-8.233106136322021484e-02,-1.300266385078430176e-01,9.766304492950439453e-02,-2.450877055525779724e-02,2.498768642544746399e-02,-8.481903374195098877e-02,-1.731003522872924805e-01,2.490118741989135742e-01
-1.064332872629165649e-01,-9.611988812685012817e-02,-8.177065849304199219e-02,-1.293662488460540771e-01,9.758342057466506958e-02,-2.437222748994827271e-02,2.496582455933094025e-02,-8.445757627487182617e-02,-1.726917922496795654e-01,2.488439530134201050e-01
-1.063408181071281433e-01,-9.532491117715835571e-02,-8.119386434555053711e-02,-1.286865174770355225e-01,9.750147163867950439e-02,-2.423169091343879700e-02,2.494332194328308105e-02,-8.408555388450622559e-02,-1.722712814807891846e-01,2.486711144447326660e-01
-1.062455177307128906e-01,-9.450548142194747925e-02,-8.059935271739959717e-02,-1.279859393835067749e-01,9.741700440645217896e-02,-2.408683486282825470e-02,2.492013014853000641e-02,-8.370210230350494385e-02,-1.718378663063049316e-01,2.484929710626602173e-01
-1.061476022005081177e-01,-9.366364032030105591e-02,-7.998856902122497559e-02,-1.272661685943603516e-01,9.733022749423980713e-02,-2.393801324069499969e-02,2.489630505442619324e-02,-8.330816030502319336e-02,-1.713925898075103760e-01,2.483099550008773804e-01
-1.060468703508377075e-01,-9.279754012823104858e-02,-7.936017215251922607e-02,-1.265256404876708984e-01,9.724094718694686890e-02,-2.378490939736366272e-02,2.487179264426231384e-02,-8.290286362171173096e-02,-1.709344685077667236e-01,2.481216490268707275e-01
-1.059430912137031555e-01,-9.190518409013748169e-02,-7.871277630329132080e-02,-1.257627159357070923e-01,9.714896231889724731e-02,-2.362716197967529297e-02,2.484654076397418976e-02,-8.248528838157653809e-02,-1.704624742269515991e-01,2.479276508092880249e-01
-1.058365106582641602e-01,-9.098883718252182007e-02,-7.804793119430541992e-02,-1.249792203307151794e-01,9.705449640750885010e-02,-2.346517331898212433e-02,2.482061088085174561e-02,-8.205647766590118408e-02,-1.699777692556381226e-01,2.477284371852874756e-01
-1.057269275188446045e-01,-9.004652500152587891e-02,-7.736426591873168945e-02,-1.241735816001892090e-01,9.695736318826675415e-02,-2.329859137535095215e-02,2.479394711554050446e-02,-8.161552250385284424e-02,-1.694793403148651123e-01,2.475235760211944580e-01
-1.056140661239624023e-01,-8.907612413167953491e-02,-7.666023075580596924e-02,-1.233439072966575623e-01,9.685733169317245483e-02,-2.312704175710678101e-02,2.476648986339569092e-02,-8.116142451763153076e-02,-1.689660698175430298e-01,2.473126053810119629e-01
-1.054982393980026245e-01,-8.808011561632156372e-02,-7.593761384487152100e-02,-1.224923282861709595e-01,9.675466269254684448e-02,-2.295097149908542633e-02,2.473830804228782654e-02,-8.069533109664916992e-02,-1.684392392635345459e-01,2.470960766077041626e-01
-1.053791865706443787e-01,-8.705641329288482666e-02,-7.519491016864776611e-02,-1.216171011328697205e-01,9.664913266897201538e-02,-2.277000062167644501e-02,2.470934577286243439e-02,-8.021630346775054932e-02,-1.678977608680725098e-01,2.468735128641128540e-01
-1.052568480372428894e-01,-8.600444346666336060e-02,-7.443168759346008301e-02,-1.207176670432090759e-01,9.654068946838378906e-02,-2.258403412997722626e-02,2.467958442866802216e-02,-7.972402870655059814e-02,-1.673413366079330444e-01,2.466448098421096802e-01
-1.051309630274772644e-01,-8.492188900709152222e-02,-7.364629209041595459e-02,-1.197921261191368103e-01,9.642910212278366089e-02,-2.239266224205493927e-02,2.464896067976951599e-02,-7.921745628118515015e-02,-1.667687445878982544e-01,2.464094609022140503e-01
-1.050018444657325745e-01,-8.381162583827972412e-02,-7.284078001976013184e-02,-1.188428774476051331e-01,9.631465375423431396e-02,-2.219638973474502563e-02,2.461755461990833282e-02,-7.869790494441986084e-02,-1.661814898252487183e-01,2.461680769920349121e-01
-1.048692539334297180e-01,-8.267139643430709839e-02,-7.201354205608367920e-02,-1.178680062294006348e-01,9.619710594415664673e-02,-2.199481800198554993e-02,2.458530105650424957e-02,-7.816433161497116089e-02,-1.655783653259277344e-01,2.459201812744140625e-01
-1.047328934073448181e-01,-8.149873465299606323e-02,-7.116277515888214111e-02,-1.168654188513755798e-01,9.607622772455215454e-02,-2.178751491010189056e-02,2.455213293433189392e-02,-7.761559635400772095e-02,-1.649581044912338257e-01,2.456652373075485229e-01
-1.045931354165077209e-01,-8.029683679342269897e-02,-7.029078900814056396e-02,-1.158378273248672485e-01,9.595232456922531128e-02,-2.157504111528396606e-02,2.451813966035842896e-02,-7.705317437648773193e-02,-1.643223762512207031e-01,2.454039454460144043e-01
-1.044497042894363403e-01,-7.906332612037658691e-02,-6.939588487148284912e-02,-1.147832199931144714e-01,9.582517296075820923e-02,-2.135697938501834869e-02,2.448325417935848236e-02,-7.647595554590225220e-02,-1.636699289083480835e-01,2.451357692480087280e-01
-1.043022945523262024e-01,-7.779561728239059448e-02,-6.847617030143737793e-02,-1.136993914842605591e-01,9.569448977708816528e-02,-2.113287337124347687e-02,2.444740571081638336e-02,-7.588274031877517700e-02,-1.629994064569473267e-01,2.448601573705673218e-01
-1.041513234376907349e-01,-7.649724930524826050e-02,-6.753420829772949219e-02,-1.125893220305442810e-01,9.556064009666442871e-02,-2.090335078537464142e-02,2.441068924963474274e-02,-7.527517527341842651e-02,-1.623126417398452759e-01,2.445778846740722656e-01
-1.039965003728866577e-01,-7.516568899154663086e-02,-6.656819581985473633e-02,-1.114508956670761108e-01,9.542337805032730103e-02,-2.066795155405998230e-02,2.437303774058818817e-02,-7.465208321809768677e-02,-1.616083234548568726e-01,2.442883849143981934e-01
-1.038375124335289001e-01,-7.379830628633499146e-02,-6.557616591453552246e-02,-1.102818399667739868e-01,9.528242051601409912e-02,-2.042622305452823639e-02,2.433437667787075043e-02,-7.401222735643386841e-02,-1.608850806951522827e-01,2.439911067485809326e-01
-1.036748141050338745e-01,-7.239896804094314575e-02,-6.456097960472106934e-02,-1.090854778885841370e-01,9.513816982507705688e-02,-2.017884515225887299e-02,2.429481409490108490e-02,-7.335741817951202393e-02,-1.601449251174926758e-01,2.436868697404861450e-01
-1.035080999135971069e-01,-7.096506655216217041e-02,-6.352069973945617676e-02,-1.078595519065856934e-01,9.499035030603408813e-02,-1.992535591125488281e-02,2.425427734851837158e-02,-7.268643379211425781e-02,-1.593864858150482178e-01,2.433751225471496582e-01
-1.033370494842529297e-01,-6.949385255575180054e-02,-6.245335564017295837e-02,-1.066017150878906250e-01,9.483868628740310669e-02,-1.966526731848716736e-02,2.421268634498119354e-02,-7.199799269437789917e-02,-1.586083024740219116e-01,2.430552691221237183e-01
-1.031621620059013367e-01,-6.798959523439407349e-02,-6.136206164956092834e-02,-1.053156629204750061e-01,9.468360990285873413e-02,-1.939934119582176208e-02,2.417016588151454926e-02,-7.129409164190292358e-02,-1.578126549720764160e-01,2.427282184362411499e-01
-1.029831245541572571e-01,-6.644959747791290283e-02,-6.024483963847160339e-02,-1.039990633726119995e-01,9.452486038208007812e-02,-1.912709698081016541e-02,2.412663586437702179e-02,-7.057347893714904785e-02,-1.569980978965759277e-01,2.423934191465377808e-01
-1.027996093034744263e-01,-6.487104296684265137e-02,-5.909964814782142639e-02,-1.026494726538658142e-01,9.436212480068206787e-02,-1.884803734719753265e-02,2.408201992511749268e-02,-6.983480602502822876e-02,-1.561631560325622559e-01,2.420502156019210815e-01
-1.026121601462364197e-01,-6.325861066579818726e-02,-5.792987719178199768e-02,-1.012709289789199829e-01,9.419590234756469727e-02,-1.856298185884952545e-02,2.403645031154155731e-02,-6.908029317855834961e-02,-1.553102731704711914e-01,2.416996508836746216e-01
-1.024204567074775696e-01,-6.160958856344223022e-02,-5.673357471823692322e-02,-9.986112266778945923e-02,9.402590990066528320e-02,-1.827145926654338837e-02,2.398984879255294800e-02,-6.830865889787673950e-02,-1.544380635023117065e-01,2.413411289453506470e-01
-1.022241637110710144e-01,-5.992104113101959229e-02,-5.550858750939369202e-02,-9.841750562191009521e-02,9.385183453559875488e-02,-1.797295175492763519e-02,2.394213527441024780e-02,-6.751851737499237061e-02,-1.535449326038360596e-01,2.409740239381790161e-01
-1.020238846540451050e-01,-5.819815397262573242e-02,-5.425870046019554138e-02,-9.694454818964004517e-02,9.367422014474868774e-02,-1.766836829483509064e-02,2.389345318078994751e-02,-6.671231985092163086e-02,-1.526336371898651123e-01,2.405994385480880737e-01
-1.018192917108535767e-01,-5.643810331821441650e-02,-5.298187956213951111e-02,-9.543982893228530884e-02,9.349278360605239868e-02,-1.735722459852695465e-02,2.384372428059577942e-02,-6.588874757289886475e-02,-1.517027020454406738e-01,2.402167767286300659e-01
-1.016103699803352356e-01,-5.464088171720504761e-02,-5.167805776000022888e-02,-9.390331804752349854e-02,9.330750256776809692e-02,-1.703949831426143646e-02,2.379294857382774353e-02,-6.504776328802108765e-02,-1.507520973682403564e-01,2.398260384798049927e-01
-1.013967916369438171e-01,-5.280344933271408081e-02,-5.034509673714637756e-02,-9.233243018388748169e-02,9.311807900667190552e-02,-1.671466603875160217e-02,2.374104037880897522e-02,-6.418796628713607788e-02,-1.497802138328552246e-01,2.394265532493591309e-01
-1.011792197823524475e-01,-5.093166977167129517e-02,-4.898721352219581604e-02,-9.073220193386077881e-02,9.292511641979217529e-02,-1.638376154005527496e-02,2.368816360831260681e-02,-6.331210583448410034e-02,-1.487901806831359863e-01,2.390195876359939575e-01
-1.009573340415954590e-01,-4.902274906635284424e-02,-4.760239645838737488e-02,-8.910021185874938965e-02,9.272832423448562622e-02,-1.604629121720790863e-02,2.363424375653266907e-02,-6.241886317729949951e-02,-1.477804929018020630e-01,2.386045604944229126e-01
-1.007307991385459900e-01,-4.707370698451995850e-02,-4.618846997618675232e-02,-8.743392676115036011e-02,9.252738952636718750e-02,-1.570172421634197235e-02,2.357919327914714813e-02,-6.150684505701065063e-02,-1.467495709657669067e-01,2.381808012723922729e-01
-1.005003303289413452e-01,-4.509085416793823242e-02,-4.475004225969314575e-02,-8.573875576257705688e-02,9.232297539710998535e-02,-1.535118464380502701e-02,2.352319099009037018e-02,-6.057902425527572632e-02,-1.457007974386215210e-01,2.377496957778930664e-01
-1.002656221389770508e-01,-4.307150095701217651e-02,-4.328510910272598267e-02,-8.401235193014144897e-02,9.211479872465133667e-02,-1.499418541789054871e-02,2.346616238355636597e-02,-5.963409692049026489e-02,-1.446326971054077148e-01,2.373106479644775391e-01
-1.000263243913650513e-01,-4.101256281137466431e-02,-4.179150238633155823e-02,-8.225214481353759766e-02,9.190253913402557373e-02,-1.463019475340843201e-02,2.340801991522312164e-02,-5.867068469524383545e-02,-1.435436755418777466e-01,2.368630021810531616e-01
-9.978324919939041138e-02,-3.892105817794799805e-02,-4.027424380183219910e-02,-8.046407252550125122e-02,9.168691188097000122e-02,-1.426043827086687088e-02,2.334896102547645569e-02,-5.769200623035430908e-02,-1.424374133348464966e-01,2.364082634449005127e-01
-9.953606128692626953e-02,-3.679417073726654053e-02,-3.873134031891822815e-02,-7.864576578140258789e-02,9.146764874458312988e-02,-1.388442981988191605e-02,2.328890748322010040e-02,-5.669678002595901489e-02,-1.413124501705169678e-01,2.359458357095718384e-01
-9.928442537784576416e-02,-3.462895750999450684e-02,-3.716064617037773132e-02,-7.679470628499984741e-02,9.124442934989929199e-02,-1.350164785981178284e-02,2.322777360677719116e-02,-5.568363517522811890e-02,-1.401672065258026123e-01,2.354750782251358032e-01
-9.902921319007873535e-02,-3.243295103311538696e-02,-3.556759655475616455e-02,-7.491730898618698120e-02,9.101802855730056763e-02,-1.311341673135757446e-02,2.316577546298503876e-02,-5.465605854988098145e-02,-1.390056759119033813e-01,2.349976152181625366e-01
-9.877010434865951538e-02,-3.020336478948593140e-02,-3.395020961761474609e-02,-7.301122695207595825e-02,9.078817069530487061e-02,-1.271925121545791626e-02,2.310283482074737549e-02,-5.361279100179672241e-02,-1.378263831138610840e-01,2.345128655433654785e-01
-9.850677102804183960e-02,-2.793736755847930908e-02,-3.230641409754753113e-02,-7.107401639223098755e-02,9.055456519126892090e-02,-1.231864839792251587e-02,2.303886786103248596e-02,-5.255248397588729858e-02,-1.366278380155563354e-01,2.340201735496520996e-01
-9.824014455080032349e-02,-2.564299479126930237e-02,-3.064204007387161255e-02,-6.911253929138183594e-02,9.031802415847778320e-02,-1.191302668303251266e-02,2.297410368919372559e-02,-5.147890001535415649e-02,-1.354142725467681885e-01,2.335213273763656616e-01
-9.796991944313049316e-02,-2.331757918000221252e-02,-2.895514667034149170e-02,-6.712454557418823242e-02,9.007828682661056519e-02,-1.150191668421030045e-02,2.290846779942512512e-02,-5.039078742265701294e-02,-1.341843158006668091e-01,2.330157309770584106e-01
-9.769576042890548706e-02,-2.095833420753479004e-02,-2.724371477961540222e-02,-6.510762125253677368e-02,8.983505517244338989e-02,-1.108482480049133301e-02,2.284188196063041687e-02,-4.928684234619140625e-02,-1.329364478588104248e-01,2.325027734041213989e-01
-9.741867333650588989e-02,-1.857381686568260193e-02,-2.551396936178207397e-02,-6.306909769773483276e-02,8.958922326564788818e-02,-1.066326629370450974e-02,2.277458459138870239e-02,-4.817108809947967529e-02,-1.316752135753631592e-01,2.319843322038650513e-01
-9.713827073574066162e-02,-1.616068184375762939e-02,-2.376345917582511902e-02,-6.100612133741378784e-02,8.934043347835540771e-02,-1.023664698004722595e-02,2.270648255944252014e-02,-4.704193770885467529e-02,-1.303988397121429443e-01,2.314596623182296753e-01
-9.685472398996353149e-02,-1.372049748897552490e-02,-2.199333533644676208e-02,-5.892001092433929443e-02,8.908886462450027466e-02,-9.805245324969291687e-03,2.263762243092060089e-02,-4.590012878179550171e-02,-1.291081607341766357e-01,2.309291064739227295e-01
-9.656818211078643799e-02,-1.125454157590866089e-02,-2.020452171564102173e-02,-5.681188404560089111e-02,8.883462846279144287e-02,-9.369285777211189270e-03,2.256803773343563080e-02,-4.474626481533050537e-02,-1.278038620948791504e-01,2.303929477930068970e-01
-9.627890586853027344e-02,-8.764959871768951416e-03,-1.839857175946235657e-02,-5.468356609344482422e-02,8.857796341180801392e-02,-8.929152041673660278e-03,2.249778993427753448e-02,-4.358135163784027100e-02,-1.264870613813400269e-01,2.298516482114791870e-01
-9.598700702190399170e-02,-6.252780556678771973e-03,-1.657624170184135437e-02,-5.253592878580093384e-02,8.831896632909774780e-02,-8.485019207000732422e-03,2.242690697312355042e-02,-4.240585863590240479e-02,-1.251583099365234375e-01,2.293054312467575073e-01
-9.569266438484191895e-02,-3.719501197338104248e-03,-1.473860815167427063e-02,-5.037025362253189087e-02,8.805779367685317993e-02,-8.037157356739044189e-03,2.235543169081211090e-02,-4.122050106525421143e-02,-1.238183975219726562e-01,2.287546396255493164e-01
-9.539604932069778442e-02,-1.166675239801406860e-03,-1.288679428398609161e-02,-4.818787425756454468e-02,8.779460191726684570e-02,-7.585839368402957916e-03,2.228340879082679749e-02,-4.002599418163299561e-02,-1.224681437015533447e-01,2.281995862722396851e-01
-9.509730339050292969e-02,1.404494047164916992e-03,-1.102168485522270203e-02,-4.598981887102127075e-02,8.752952516078948975e-02,-7.131277117878198624e-03,2.221086993813514709e-02,-3.882290795445442200e-02,-1.211081966757774353e-01,2.276405394077301025e-01
-9.479672461748123169e-02,3.991518169641494751e-03,-9.145068004727363586e-03,-4.377820342779159546e-02,8.726280182600021362e-02,-6.673912052065134048e-03,2.213788777589797974e-02,-3.761240094900131226e-02,-1.197398528456687927e-01,2.270780503749847412e-01
-9.449445456266403198e-02,6.593104451894760132e-03,-7.257899269461631775e-03,-4.155414924025535583e-02,8.699458837509155273e-02,-6.213972344994544983e-03,2.206449583172798157e-02,-3.639508038759231567e-02,-1.183638125658035278e-01,2.265124022960662842e-01
-9.419070184230804443e-02,9.207479655742645264e-03,-5.361456423997879028e-03,-3.931916505098342896e-02,8.672504872083663940e-02,-5.751770921051502228e-03,2.199074439704418182e-02,-3.517178446054458618e-02,-1.169810146093368530e-01,2.259439677000045776e-01
-9.388567507266998291e-02,1.183284446597099304e-02,-3.457045182585716248e-03,-3.707478195428848267e-02,8.645437657833099365e-02,-5.287626292556524277e-03,2.191668748855590820e-02,-3.394334018230438232e-02,-1.155923977494239807e-01,2.253731340169906616e-01
-9.357959032058715820e-02,1.446736231446266174e-02,-1.545994542539119720e-03,-3.482258319854736328e-02,8.618276566267013550e-02,-4.821863491088151932e-03,2.184237167239189148e-02,-3.271061554551124573e-02,-1.141989380121231079e-01,2.248003184795379639e-01
-9.327260404825210571e-02,1.710958965122699738e-02,3.706449642777442932e-04,-3.256379067897796631e-02,8.591035753488540649e-02,-4.354737233370542526e-03,2.176784165203571320e-02,-3.147428482770919800e-02,-1.128014028072357178e-01,2.242258340120315552e-01
-9.296505898237228394e-02,1.975671201944351196e-02,2.290832810103893280e-03,-3.030081838369369507e-02,8.563744276762008667e-02,-3.886745311319828033e-03,2.169317565858364105e-02,-3.023566305637359619e-02,-1.114012822508811951e-01,2.236502617597579956e-01
-9.265708178281784058e-02,2.240753918886184692e-02,4.213705658912658691e-03,-2.803467959165573120e-02,8.536414802074432373e-02,-3.418098669499158859e-03,2.161840535700321198e-02,-2.899530902504920959e-02,-1.099991947412490845e-01,2.230738997459411621e-01
-9.234893321990966797e-02,2.505985833704471588e-02,6.137662101536989212e-03,-2.576726302504539490e-02,8.509069681167602539e-02,-2.949187532067298889e-03,2.154359407722949982e-02,-2.775425836443901062e-02,-1.085963249206542969e-01,2.224972099065780640e-01
-9.204083681106567383e-02,2.771170623600482941e-02,8.061273954808712006e-03,-2.350025251507759094e-02,8.481729030609130859e-02,-2.480359748005867004e-03,2.146879583597183228e-02,-2.651342749595642090e-02,-1.071937009692192078e-01,2.219206243753433228e-01
-9.173294901847839355e-02,3.036179579794406891e-02,9.983608499169349670e-03,-2.123474702239036560e-02,8.454407006502151489e-02,-2.011842792853713036e-03,2.139404974877834320e-02,-2.527341991662979126e-02,-1.057920083403587341e-01,2.213444262742996216e-01
-9.142559766769409180e-02,3.300728276371955872e-02,1.190260518342256546e-02,-1.897317729890346527e-02,8.427132666110992432e-02,-1.544139580801129341e-03,2.131943218410015106e-02,-2.403556555509567261e-02,-1.043927520513534546e-01,2.207692265510559082e-01
-9.111894667148590088e-02,3.564669191837310791e-02,1.381719205528497696e-02,-1.671680249273777008e-02,8.399920165538787842e-02,-1.077510765753686428e-03,2.124498598277568817e-02,-2.280055545270442963e-02,-1.029967069625854492e-01,2.201953381299972534e-01
-9.081322699785232544e-02,3.827814012765884399e-02,1.572600565850734711e-02,-1.446723192930221558e-02,8.372790366411209106e-02,-6.122890627011656761e-04,2.117076516151428223e-02,-2.156927064061164856e-02,-1.016048789024353027e-01,2.196231931447982788e-01
-9.050863981246948242e-02,4.089977964758872986e-02,1.762770116329193115e-02,-1.222604885697364807e-02,8.345761895179748535e-02,-1.488022971898317337e-04,2.109682001173496246e-02,-2.034257538616657257e-02,-1.002182364463806152e-01,2.190531790256500244e-01
-9.020540863275527954e-02,4.350978136062622070e-02,1.952096074819564819e-02,-9.994810447096824646e-03,8.318852633237838745e-02,3.126278752461075783e-04,2.102320455014705658e-02,-1.912132464349269867e-02,-9.883774071931838989e-02,2.184856832027435303e-01
-8.990368992090225220e-02,4.610677808523178101e-02,2.140478417277336121e-02,-7.774692960083484650e-03,8.292078226804733276e-02,7.717577973380684853e-04,2.094995416700839996e-02,-1.790615916252136230e-02,-9.746413677930831909e-02,2.179210186004638672e-01
-8.960378170013427734e-02,4.868818819522857666e-02,2.327730506658554077e-02,-5.567896179854869843e-03,8.265464007854461670e-02,1.228132401593029499e-03,2.087714150547981262e-02,-1.669828779995441437e-02,-9.609876573085784912e-02,2.173597514629364014e-01
-8.930582553148269653e-02,5.125274509191513062e-02,2.513759955763816833e-02,-3.375507891178131104e-03,8.239024132490158081e-02,1.681527239270508289e-03,2.080480381846427917e-02,-1.549830101430416107e-02,-9.474231302738189697e-02,2.168021500110626221e-01
-8.901001513004302979e-02,5.379879474639892578e-02,2.698446810245513916e-02,-1.198939979076385498e-03,8.212774991989135742e-02,2.131650224328041077e-03,2.073298767209053040e-02,-1.430697273463010788e-02,-9.339565038681030273e-02,2.162485718727111816e-01
-8.871654421091079712e-02,5.632474273443222046e-02,2.881676517426967621e-02,9.604468941688537598e-04,8.186732232570648193e-02,2.578218933194875717e-03,2.066173590719699860e-02,-1.312504895031452179e-02,-9.205961972475051880e-02,2.156993597745895386e-01
-8.842553198337554932e-02,5.882946401834487915e-02,3.063366375863552094e-02,3.101687878370285034e-03,8.160909265279769897e-02,3.021035343408584595e-03,2.059108205139636993e-02,-1.195305585861206055e-02,-9.073480963706970215e-02,2.151547670364379883e-01
-8.813725411891937256e-02,6.131070107221603394e-02,3.243352472782135010e-02,5.222858861088752747e-03,8.135328441858291626e-02,3.459699451923370361e-03,2.052108943462371826e-02,-1.079205423593521118e-02,-8.942243456840515137e-02,2.146152704954147339e-01
-8.785185962915420532e-02,6.376706063747406006e-02,3.421534597873687744e-02,7.322758436203002930e-03,8.110003918409347534e-02,3.893963526934385300e-03,2.045179530978202820e-02,-9.642687626183032990e-03,-8.812320232391357422e-02,2.140811979770660400e-01
-8.756954967975616455e-02,6.619682908058166504e-02,3.597788512706756592e-02,9.399931877851486206e-03,8.084953576326370239e-02,4.323528148233890533e-03,2.038324996829032898e-02,-8.505766279995441437e-03,-8.683803677558898926e-02,2.135528922080993652e-01
-8.728994429111480713e-02,6.860336661338806152e-02,3.772357106208801270e-02,1.145724207162857056e-02,8.060142397880554199e-02,4.748983308672904968e-03,2.031535841524600983e-02,-7.379714399576187134e-03,-8.556517213582992554e-02,2.130296528339385986e-01
-8.701405674219131470e-02,7.097779214382171631e-02,3.944596648216247559e-02,1.348711363971233368e-02,8.035662770271301270e-02,5.168763455003499985e-03,2.024837024509906769e-02,-6.268685683608055115e-03,-8.430927991867065430e-02,2.125133872032165527e-01
-8.674158155918121338e-02,7.332288473844528198e-02,4.114709049463272095e-02,1.549190469086170197e-02,8.011485636234283447e-02,5.583355668932199478e-03,2.018220722675323486e-02,-5.171379074454307556e-03,-8.306889981031417847e-02,2.120034992694854736e-01
-8.647220581769943237e-02,7.564124464988708496e-02,4.282883554697036743e-02,1.747385598719120026e-02,7.987583428621292114e-02,5.993224214762449265e-03,2.011679485440254211e-02,-4.086581990122795105e-03,-8.184266090393066406e-02,2.114994376897811890e-01
-8.620689809322357178e-02,7.792457938194274902e-02,4.448516294360160828e-02,1.942584477365016937e-02,7.964043319225311279e-02,6.396896205842494965e-03,2.005236968398094177e-02,-3.018174320459365845e-03,-8.063495159149169922e-02,2.110029757022857666e-01
-8.594533056020736694e-02,8.017567545175552368e-02,4.611810296773910522e-02,2.135028503835201263e-02,7.940835505723953247e-02,6.794868968427181244e-03,1.998885162174701691e-02,-1.964850351214408875e-03,-7.944429665803909302e-02,2.105135321617126465e-01
-8.568719029426574707e-02,8.239725232124328613e-02,4.772964492440223694e-02,2.324949763715267181e-02,7.917931675910949707e-02,7.187623530626296997e-03,1.992616429924964905e-02,-9.253378957509994507e-04,-7.826925069093704224e-02,2.100305110216140747e-01
-8.543338626623153687e-02,8.458149433135986328e-02,4.931410774588584900e-02,2.511680312454700470e-02,7.895413041114807129e-02,7.573778741061687469e-03,1.986452750861644745e-02,9.671226143836975098e-05,-7.711394131183624268e-02,2.095555961132049561e-01
-8.518357574939727783e-02,8.673134446144104004e-02,5.087362229824066162e-02,2.695469744503498077e-02,7.873249053955078125e-02,7.953849621117115021e-03,1.980385743081569672e-02,1.102661713957786560e-03,-7.597683370113372803e-02,2.090881764888763428e-01
-8.493743836879730225e-02,8.884952217340469360e-02,5.241016671061515808e-02,2.876551635563373566e-02,7.851411402225494385e-02,8.328325115144252777e-03,1.974407956004142761e-02,2.093797549605369568e-03,-7.485648244619369507e-02,2.086276262998580933e-01
-8.469581604003906250e-02,9.092880785465240479e-02,5.391849949955940247e-02,3.054309077560901642e-02,7.829974591732025146e-02,8.695922791957855225e-03,1.968539692461490631e-02,3.066735342144966125e-03,-7.375669479370117188e-02,2.081755399703979492e-01
-8.445837348699569702e-02,9.297214448451995850e-02,5.540075898170471191e-02,3.228994458913803101e-02,7.808908820152282715e-02,9.057161398231983185e-03,1.962772570550441742e-02,4.022847861051559448e-03,-7.267592102289199829e-02,2.077312767505645752e-01
-8.422477543354034424e-02,9.498232603073120117e-02,5.685898289084434509e-02,3.400845825672149658e-02,7.788184285163879395e-02,9.412543848156929016e-03,1.957098580896854401e-02,4.963457584381103516e-03,-7.161267846822738647e-02,2.072942107915878296e-01
-8.399580419063568115e-02,9.695269167423248291e-02,5.828831344842910767e-02,3.569292277097702026e-02,7.767871022224426270e-02,9.760883636772632599e-03,1.951536908745765686e-02,5.885431542992591858e-03,-7.057049870491027832e-02,2.068658173084259033e-01
-8.377110958099365234e-02,9.888619929552078247e-02,5.969091877341270447e-02,3.734590113162994385e-02,7.747937738895416260e-02,1.010270696133375168e-02,1.946078985929489136e-02,6.790168583393096924e-03,-6.954781711101531982e-02,2.064454257488250732e-01
-8.355037122964859009e-02,1.007856726646423340e-01,6.106882914900779724e-02,3.896976262331008911e-02,7.728355377912521362e-02,1.043851301074028015e-02,1.940716803073883057e-02,7.678965106606483459e-03,-6.854313611984252930e-02,2.060324400663375854e-01
-8.333428949117660522e-02,1.026449799537658691e-01,6.241760775446891785e-02,4.055929183959960938e-02,7.709186524152755737e-02,1.076721679419279099e-02,1.935467869043350220e-02,8.548980578780174255e-03,-6.755970418453216553e-02,2.056281864643096924e-01
-8.312253654003143311e-02,1.044670641422271729e-01,6.373938918113708496e-02,4.211702942848205566e-02,7.690402120351791382e-02,1.108934171497821808e-02,1.930323615670204163e-02,9.401576593518257141e-03,-6.659594923257827759e-02,2.052320241928100586e-01
-8.291509747505187988e-02,1.062519773840904236e-01,6.503422558307647705e-02,4.364296048879623413e-02,7.672000676393508911e-02,1.140489149838685989e-02,1.925284042954444885e-02,1.023677550256252289e-02,-6.565186381340026855e-02,2.048439532518386841e-01
-8.271165192127227783e-02,1.080024987459182739e-01,6.630409508943557739e-02,4.513951390981674194e-02,7.653953880071640015e-02,1.171436440199613571e-02,1.920341327786445618e-02,1.105589233338832855e-02,-6.472596526145935059e-02,2.044633626937866211e-01
-8.251283317804336548e-02,1.097131520509719849e-01,6.754507124423980713e-02,4.660198837518692017e-02,7.636318355798721313e-02,1.201678812503814697e-02,1.915510930120944977e-02,1.185635291039943695e-02,-6.382115185260772705e-02,2.040914148092269897e-01
-8.231830596923828125e-02,1.113869398832321167e-01,6.875928491353988647e-02,4.803292453289031982e-02,7.619062811136245728e-02,1.231269259005784988e-02,1.910784468054771423e-02,1.263956166803836823e-02,-6.293583661317825317e-02,2.037275135517120361e-01
-8.212773501873016357e-02,1.130265593528747559e-01,6.994873285293579102e-02,4.943466186523437500e-02,7.602159678936004639e-02,1.260255835950374603e-02,1.906154118478298187e-02,1.340679265558719635e-02,-6.206858530640602112e-02,2.033710181713104248e-01
-8.194170892238616943e-02,1.146271154284477234e-01,7.110983133316040039e-02,5.080301314592361450e-02,7.585658878087997437e-02,1.288551557809114456e-02,1.901634037494659424e-02,1.415573246777057648e-02,-6.122201308608055115e-02,2.030230313539505005e-01
-8.175988495349884033e-02,1.161914542317390442e-01,7.224467396736145020e-02,5.214040726423263550e-02,7.569532096385955811e-02,1.316206902265548706e-02,1.897215843200683594e-02,1.488772593438625336e-02,-6.039458885788917542e-02,2.026829123497009277e-01
-8.158195018768310547e-02,1.177223101258277893e-01,7.335521280765533447e-02,5.344916880130767822e-02,7.553750276565551758e-02,1.343270298093557358e-02,1.892892085015773773e-02,1.560405455529689789e-02,-5.958487465977668762e-02,2.023500800132751465e-01
-8.140843361616134644e-02,1.192151233553886414e-01,7.443817704916000366e-02,5.472542345523834229e-02,7.538360357284545898e-02,1.369661651551723480e-02,1.888675615191459656e-02,1.630259864032268524e-02,-5.879527702927589417e-02,2.020255178213119507e-01
-8.123900741338729858e-02,1.206727921962738037e-01,7.549562305212020874e-02,5.597160756587982178e-02,7.523333281278610229e-02,1.395430881530046463e-02,1.884558051824569702e-02,1.698466949164867401e-02,-5.802427604794502258e-02,2.017085999250411987e-01
-8.107335865497589111e-02,1.220978796482086182e-01,7.652945816516876221e-02,5.718995630741119385e-02,7.508641481399536133e-02,1.420624554157257080e-02,1.880532316863536835e-02,1.765151508152484894e-02,-5.727050080895423889e-02,2.013987600803375244e-01
-8.091196417808532715e-02,1.234863176941871643e-01,7.753670215606689453e-02,5.837697535753250122e-02,7.494328171014785767e-02,1.445170119404792786e-02,1.876610144972801208e-02,1.830120570957660675e-02,-5.653611570596694946e-02,2.010968923568725586e-01
-8.075451850891113281e-02,1.248408406972885132e-01,7.851932942867279053e-02,5.953498929738998413e-02,7.480364292860031128e-02,1.469116285443305969e-02,1.872783340513706207e-02,1.893503032624721527e-02,-5.581967160105705261e-02,2.008024007081985474e-01
-8.060070872306823730e-02,1.261640191078186035e-01,7.947923243045806885e-02,6.066621840000152588e-02,7.466723769903182983e-02,1.492507755756378174e-02,1.869045011699199677e-02,1.955418847501277924e-02,-5.511980131268501282e-02,2.005147188901901245e-01
-8.045098185539245605e-02,1.274520605802536011e-01,8.041366934776306152e-02,6.176742166280746460e-02,7.453445345163345337e-02,1.515278778970241547e-02,1.865405775606632233e-02,2.015691436827182770e-02,-5.443850904703140259e-02,2.002346813678741455e-01
-8.030501753091812134e-02,1.287076771259307861e-01,8.132456243038177490e-02,6.284087896347045898e-02,7.440501451492309570e-02,1.537475734949111938e-02,1.861857995390892029e-02,2.074444852769374847e-02,-5.377438291907310486e-02,1.999616920948028564e-01
-8.016254752874374390e-02,1.299332380294799805e-01,8.221365511417388916e-02,6.388866156339645386e-02,7.427866756916046143e-02,1.559142023324966431e-02,1.858394779264926910e-02,2.131793461740016937e-02,-5.312614142894744873e-02,1.996952444314956665e-01
-8.002395182847976685e-02,1.311254501342773438e-01,8.307856321334838867e-02,6.490795314311981201e-02,7.415576279163360596e-02,1.580218411982059479e-02,1.855025812983512878e-02,2.187581546604633331e-02,-5.249553918838500977e-02,1.994360387325286865e-01
-7.988895475864410400e-02,1.322867572307586670e-01,8.392105996608734131e-02,6.590078771114349365e-02,7.403604686260223389e-02,1.600748673081398010e-02,1.851744018495082855e-02,2.241922356188297272e-02,-5.188128724694252014e-02,1.991835534572601318e-01
-7.975725829601287842e-02,1.334195435047149658e-01,8.474285900592803955e-02,6.686926633119583130e-02,7.391926646232604980e-02,1.620774529874324799e-02,1.848542690277099609e-02,2.294930256903171539e-02,-5.128211900591850281e-02,1.989372670650482178e-01
-7.962924242019653320e-02,1.345207393169403076e-01,8.554174005985260010e-02,6.781071424484252930e-02,7.380574941635131836e-02,1.640241779386997223e-02,1.845430396497249603e-02,2.346459217369556427e-02,-5.069966614246368408e-02,1.986978501081466675e-01
-7.950461655855178833e-02,1.355927437543869019e-01,8.631943166255950928e-02,6.872721016407012939e-02,7.369523495435714722e-02,1.659193262457847595e-02,1.842400617897510529e-02,2.396621741354465485e-02,-5.013264715671539307e-02,1.984647810459136963e-01
-7.938331365585327148e-02,1.366360932588577271e-01,8.707636594772338867e-02,6.961923092603683472e-02,7.358767837285995483e-02,1.677637733519077301e-02,1.839451678097248077e-02,2.445444278419017792e-02,-4.958078637719154358e-02,1.982379555702209473e-01
-7.926508784294128418e-02,1.376529783010482788e-01,8.781407773494720459e-02,7.048861682415008545e-02,7.348284870386123657e-02,1.695614680647850037e-02,1.836577244102954865e-02,2.493028156459331512e-02,-4.904291778802871704e-02,1.980168670415878296e-01
-7.915025204420089722e-02,1.386407613754272461e-01,8.853070437908172607e-02,7.133312523365020752e-02,7.338102161884307861e-02,1.713077165186405182e-02,1.833785139024257660e-02,2.539250813424587250e-02,-4.852044582366943359e-02,1.978021115064620972e-01
-7.903853803873062134e-02,1.396016180515289307e-01,8.922776579856872559e-02,7.215460389852523804e-02,7.328196614980697632e-02,1.730063371360301971e-02,1.831068843603134155e-02,2.584213204681873322e-02,-4.801221936941146851e-02,1.975932121276855469e-01
-7.892971485853195190e-02,1.405376046895980835e-01,8.990681171417236328e-02,7.295483350753784180e-02,7.318548113107681274e-02,1.746609993278980255e-02,1.828422956168651581e-02,2.628011815249919891e-02,-4.751713946461677551e-02,1.973897218704223633e-01
-7.882406562566757202e-02,1.414463222026824951e-01,9.056608378887176514e-02,7.373175024986267090e-02,7.309180498123168945e-02,1.762674562633037567e-02,1.825853809714317322e-02,2.670534513890743256e-02,-4.703648760914802551e-02,1.971921473741531372e-01
-7.872133702039718628e-02,1.423298567533493042e-01,9.120707213878631592e-02,7.448712736368179321e-02,7.300072163343429565e-02,1.778293959796428680e-02,1.823356002569198608e-02,2.711878530681133270e-02,-4.656915739178657532e-02,1.970000565052032471e-01
-7.862132042646408081e-02,1.431900858879089355e-01,9.183116257190704346e-02,7.522259652614593506e-02,7.291204482316970825e-02,1.793501526117324829e-02,1.820923946797847748e-02,2.752132527530193329e-02,-4.611415043473243713e-02,1.968130320310592651e-01
-7.852425426244735718e-02,1.440249085426330566e-01,9.243679046630859375e-02,7.593632489442825317e-02,7.282598316669464111e-02,1.808259636163711548e-02,1.818563602864742279e-02,2.791197039186954498e-02,-4.567258805036544800e-02,1.966315358877182007e-01
-7.842992246150970459e-02,1.448362171649932861e-01,9.302538633346557617e-02,7.662995159626007080e-02,7.274235039949417114e-02,1.822601817548274994e-02,1.816269569098949432e-02,2.829161472618579865e-02,-4.524346068501472473e-02,1.964551508426666260e-01
-7.833811640739440918e-02,1.456257998943328857e-01,9.359823167324066162e-02,7.730503380298614502e-02,7.266095280647277832e-02,1.836560294032096863e-02,1.814037002623081207e-02,2.866110019385814667e-02,-4.482581093907356262e-02,1.962834894657135010e-01
-7.824905216693878174e-02,1.463917642831802368e-01,9.415391087532043457e-02,7.795988768339157104e-02,7.258199155330657959e-02,1.850101165473461151e-02,1.811870932579040527e-02,2.901951782405376434e-02,-4.442068189382553101e-02,1.961169689893722534e-01
-7.816253602504730225e-02,1.471358537673950195e-01,9.469376504421234131e-02,7.859605550765991211e-02,7.250528782606124878e-02,1.863255165517330170e-02,1.809766888618469238e-02,2.936771325767040253e-02,-4.402710497379302979e-02,1.959551870822906494e-01
-7.807835936546325684e-02,1.478597521781921387e-01,9.521894156932830811e-02,7.921496033668518066e-02,7.243066281080245972e-02,1.876052282750606537e-02,1.807719841599464417e-02,2.970645390450954437e-02,-4.364420846104621887e-02,1.957978159189224243e-01
-7.799673825502395630e-02,1.485617011785507202e-01,9.572820365428924561e-02,7.981510460376739502e-02,7.235830277204513550e-02,1.888461410999298096e-02,1.805734634399414062e-02,3.003492765128612518e-02,-4.327291995286941528e-02,1.956451982259750366e-01
-7.791747152805328369e-02,1.492433845996856689e-01,9.622275829315185547e-02,8.039792627096176147e-02,7.228803634643554688e-02,1.900512725114822388e-02,1.803806796669960022e-02,3.035392798483371735e-02,-4.291234537959098816e-02,1.954970061779022217e-01
-7.784038037061691284e-02,1.499063819646835327e-01,9.670376777648925781e-02,8.096478134393692017e-02,7.221968472003936768e-02,1.912233233451843262e-02,1.801931858062744141e-02,3.066416643559932709e-02,-4.256166890263557434e-02,1.953528523445129395e-01
-7.776565104722976685e-02,1.505490541458129883e-01,9.717001020908355713e-02,8.151420950889587402e-02,7.215343415737152100e-02,1.923594065010547638e-02,1.800114102661609650e-02,3.096489422023296356e-02,-4.222173988819122314e-02,1.952131390571594238e-01
-7.769309729337692261e-02,1.511729955673217773e-01,9.762267768383026123e-02,8.204767107963562012e-02,7.208912074565887451e-02,1.934623904526233673e-02,1.798349432647228241e-02,3.125686943531036377e-02,-4.189171642065048218e-02,1.950774937868118286e-01
-7.762255519628524780e-02,1.517795920372009277e-01,9.806276857852935791e-02,8.256629854440689087e-02,7.202658802270889282e-02,1.945347711443901062e-02,1.796633750200271606e-02,3.154072910547256470e-02,-4.157086089253425598e-02,1.949456036090850830e-01
-7.755419611930847168e-02,1.523674726486206055e-01,9.848926961421966553e-02,8.306889981031417847e-02,7.196598500013351440e-02,1.955740153789520264e-02,1.794970966875553131e-02,3.181581944227218628e-02,-4.125992581248283386e-02,1.948177963495254517e-01
-7.748784869909286499e-02,1.529380381107330322e-01,9.890322387218475342e-02,8.355674147605895996e-02,7.190717011690139771e-02,1.965826749801635742e-02,1.793356984853744507e-02,3.208281844854354858e-02,-4.095811396837234497e-02,1.946937590837478638e-01
-7.742345333099365234e-02,1.534917652606964111e-01,9.930495917797088623e-02,8.403015881776809692e-02,7.185009121894836426e-02,1.975615695118904114e-02,1.791790686547756195e-02,3.234193474054336548e-02,-4.066522419452667236e-02,1.945733726024627686e-01
-7.736086845397949219e-02,1.540299654006958008e-01,9.969542920589447021e-02,8.449029177427291870e-02,7.179461419582366943e-02,1.985129341483116150e-02,1.790268346667289734e-02,3.259377926588058472e-02,-4.038055986166000366e-02,1.944563686847686768e-01
-7.730024307966232300e-02,1.545513272285461426e-01,1.000736802816390991e-01,8.493606746196746826e-02,7.174086570739746094e-02,1.994346454739570618e-02,1.788793317973613739e-02,3.283776342868804932e-02,-4.010478407144546509e-02,1.943430155515670776e-01
-7.724141329526901245e-02,1.550572067499160767e-01,1.004406958818435669e-01,8.536855876445770264e-02,7.168871909379959106e-02,2.003289200365543365e-02,1.787362247705459595e-02,3.307447582483291626e-02,-3.983720391988754272e-02,1.942330300807952881e-01
-7.718424499034881592e-02,1.555487811565399170e-01,1.007973402738571167e-01,8.578884601593017578e-02,7.163804769515991211e-02,2.011979185044765472e-02,1.785971783101558685e-02,3.330450505018234253e-02,-3.957720100879669189e-02,1.941261589527130127e-01
-7.712888717651367188e-02,1.560248732566833496e-01,1.011427491903305054e-01,8.619589358568191528e-02,7.158896327018737793e-02,2.020395360887050629e-02,1.784624904394149780e-02,3.352729976177215576e-02,-3.932538628578186035e-02,1.940226703882217407e-01
-7.707517594099044800e-02,1.564867049455642700e-01,1.014778167009353638e-01,8.659075200557708740e-02,7.154135406017303467e-02,2.028560265898704529e-02,1.783318258821964264e-02,3.374341130256652832e-02,-3.908108919858932495e-02,1.939222514629364014e-01
-7.702299207448959351e-02,1.569354236125946045e-01,1.018033623695373535e-01,8.697438240051269531e-02,7.149510085582733154e-02,2.036492154002189636e-02,1.782048866152763367e-02,3.395338356494903564e-02,-3.884375840425491333e-02,1.938247084617614746e-01
-7.697246223688125610e-02,1.573699116706848145e-01,1.021185815334320068e-01,8.734587579965591431e-02,7.145031541585922241e-02,2.044172957539558411e-02,1.780819520354270935e-02,3.415670990943908691e-02,-3.861393779516220093e-02,1.937302500009536743e-01
-7.692345976829528809e-02,1.577913165092468262e-01,1.024243235588073730e-01,8.770616352558135986e-02,7.140687853097915649e-02,2.051622793078422546e-02,1.779627241194248199e-02,3.435390442609786987e-02,-3.839103877544403076e-02,1.936386227607727051e-01
-7.687585055828094482e-02,1.582006663084030151e-01,1.027213186025619507e-01,8.805614709854125977e-02,7.136467844247817993e-02,2.058859169483184814e-02,1.778469048440456390e-02,3.454545885324478149e-02,-3.817451745271682739e-02,1.935496330261230469e-01
-7.682976126670837402e-02,1.585969775915145874e-01,1.030088365077972412e-01,8.839497715234756470e-02,7.132382690906524658e-02,2.065864950418472290e-02,1.777347736060619354e-02,3.473090380430221558e-02,-3.796489536762237549e-02,1.934634745121002197e-01
-7.678505778312683105e-02,1.589813232421875000e-01,1.032876968383789062e-01,8.872357755899429321e-02,7.128420472145080566e-02,2.072659321129322052e-02,1.776260137557983398e-02,3.491076081991195679e-02,-3.776160627603530884e-02,1.933799088001251221e-01
-7.674165070056915283e-02,1.593545675277709961e-01,1.035584807395935059e-01,8.904271572828292847e-02,7.124572992324829102e-02,2.079257555305957794e-02,1.775204017758369446e-02,3.508541733026504517e-02,-3.756418079137802124e-02,1.932987719774246216e-01
-7.669962942600250244e-02,1.597158908843994141e-01,1.038206368684768677e-01,8.935165405273437500e-02,7.120848447084426880e-02,2.085645124316215515e-02,1.774181611835956573e-02,3.525452315807342529e-02,-3.737306594848632812e-02,1.932202130556106567e-01
-7.665888965129852295e-02,1.600662469863891602e-01,1.040748059749603271e-01,8.965118974447250366e-02,7.117237150669097900e-02,2.091838419437408447e-02,1.773190312087535858e-02,3.541845083236694336e-02,-3.718775510787963867e-02,1.931440532207489014e-01
-7.661931961774826050e-02,1.604064106941223145e-01,1.043216437101364136e-01,8.994205296039581299e-02,7.113730162382125854e-02,2.097852528095245361e-02,1.772227697074413300e-02,3.557765483856201172e-02,-3.700780868530273438e-02,1.930700987577438354e-01
-7.658102363348007202e-02,1.607357263565063477e-01,1.045605689287185669e-01,9.022359549999237061e-02,7.110335677862167358e-02,2.103673852980136871e-02,1.771295815706253052e-02,3.573175519704818726e-02,-3.683362156152725220e-02,1.929984986782073975e-01
-7.654389739036560059e-02,1.610549986362457275e-01,1.047921776771545410e-01,9.049653261899948120e-02,7.107044756412506104e-02,2.109317481517791748e-02,1.770392432808876038e-02,3.588113933801651001e-02,-3.666476160287857056e-02,1.929290890693664551e-01
-7.650784403085708618e-02,1.613649427890777588e-01,1.050170660018920898e-01,9.076154977083206177e-02,7.103849947452545166e-02,2.114796638488769531e-02,1.769515313208103180e-02,3.602618724107742310e-02,-3.650081157684326172e-02,1.928617060184478760e-01
-7.647295296192169189e-02,1.616649329662322998e-01,1.052346974611282349e-01,9.101803600788116455e-02,7.100757211446762085e-02,2.120099775493144989e-02,1.768666505813598633e-02,3.616656363010406494e-02,-3.634214401245117188e-02,1.927964985370635986e-01
