-5.166251212358474731e-02 -1.402667313814163208e-01 1.293756580352783203e+01 1.145661234855651855e+00 1.865319013595581055e+00 1.075035214424133301e+00 -8.141544647514820099e-03 -8.135857433080673218e-02 -3.461599349975585938e-02 2.205631637573242188e+01 -1.650635749101638794e-01 -3.664156496524810791e-01
-5.134561285376548767e-02 -1.398364752531051636e-01 1.287707901000976562e+01 1.113342404365539551e+00 1.792627096176147461e+00 1.099182009696960449e+00 -7.951497100293636322e-03 -8.065241575241088867e-02 -3.461584448814392090e-02 2.201509475708007812e+01 -1.649754047393798828e-01 -3.654882609844207764e-01
-5.102726444602012634e-02 -1.394026577472686768e-01 1.281636047363281250e+01 1.080921649932861328e+00 1.719716548919677734e+00 1.123429179191589355e+00 -7.760987617075443268e-03 -7.994354516267776489e-02 -3.461541980504989624e-02 2.197339248657226562e+01 -1.648849695920944214e-01 -3.645538687705993652e-01
-5.071036517620086670e-02 -1.389724463224411011e-01 1.275587272644042969e+01 1.048602104187011719e+00 1.647025108337402344e+00 1.147575497627258301e+00 -7.570937275886535645e-03 -7.923738658428192139e-02 -3.461527824401855469e-02 2.193217086791992188e+01 -1.647967994213104248e-01 -3.636265099048614502e-01
-5.039347708225250244e-02 -1.385422199964523315e-01 1.269538593292236328e+01 1.016283869743347168e+00 1.574334383010864258e+00 1.171721458435058594e+00 -7.380899507552385330e-03 -7.853125780820846558e-02 -3.461514785885810852e-02 2.189095306396484375e+01 -1.647086888551712036e-01 -3.626992404460906982e-01
-5.007866397500038147e-02 -1.381112486124038696e-01 1.263396930694580078e+01 9.835468530654907227e-01 1.500001907348632812e+00 1.196047782897949219e+00 -7.186354603618383408e-03 -7.781367748975753784e-02 -3.461221978068351746e-02 2.184986305236816406e+01 -1.646268963813781738e-01 -3.617706894874572754e-01
-4.977201670408248901e-02 -1.376892030239105225e-01 1.257147693634033203e+01 9.503196477890014648e-01 1.423221826553344727e+00 1.220421433448791504e+00 -6.984727922827005386e-03 -7.708249986171722412e-02 -3.460491448640823364e-02 2.181042480468750000e+01 -1.645637899637222290e-01 -3.608605563640594482e-01
-4.946390911936759949e-02 -1.372635662555694580e-01 1.250875186920166016e+01 9.169893264770507812e-01 1.346217155456542969e+00 1.244895815849304199e+00 -6.782624404877424240e-03 -7.634856551885604858e-02 -3.459729999303817749e-02 2.177050018310546875e+01 -1.644983887672424316e-01 -3.599432706832885742e-01
-4.915726929903030396e-02 -1.368415355682373047e-01 1.244625949859619141e+01 8.837624192237854004e-01 1.269437789916992188e+00 1.269268393516540527e+00 -6.580996792763471603e-03 -7.561740279197692871e-02 -3.458999097347259521e-02 2.173106384277343750e+01 -1.644352525472640991e-01 -3.590330779552459717e-01
-4.884914681315422058e-02 -1.364158838987350464e-01 1.238353252410888672e+01 8.504319190979003906e-01 1.192432403564453125e+00 1.293743610382080078e+00 -6.378882564604282379e-03 -7.488344609737396240e-02 -3.458238393068313599e-02 2.169113540649414062e+01 -1.643698513507843018e-01 -3.581157922744750977e-01
-4.854223132133483887e-02 -1.359926611185073853e-01 1.232101535797119141e+01 8.172027468681335449e-01 1.115655183792114258e+00 1.318130731582641602e+00 -6.177315022796392441e-03 -7.415197789669036865e-02 -3.457493335008621216e-02 2.165151214599609375e+01 -1.643056571483612061e-01 -3.572033941745758057e-01
-4.823411256074905396e-02 -1.355670392513275146e-01 1.225828933715820312e+01 7.838719487190246582e-01 1.038650274276733398e+00 1.342605948448181152e+00 -5.975205916911363602e-03 -7.341805845499038696e-02 -3.456732258200645447e-02 2.161158752441406250e+01 -1.642402410507202148e-01 -3.562861084938049316e-01
-4.792746901512145996e-02 -1.351449787616729736e-01 1.219579887390136719e+01 7.506457567214965820e-01 9.618706703186035156e-01 1.366978526115417480e+00 -5.773575976490974426e-03 -7.268688827753067017e-02 -3.456001356244087219e-02 2.157214736938476562e+01 -1.641771495342254639e-01 -3.553759157657623291e-01
-4.762082546949386597e-02 -1.347229331731796265e-01 1.213330650329589844e+01 7.174185514450073242e-01 8.850908279418945312e-01 1.391351580619812012e+00 -5.571951158344745636e-03 -7.195570319890975952e-02 -3.455270826816558838e-02 2.153270721435546875e+01 -1.641140133142471313e-01 -3.544657528400421143e-01
-4.731270670890808105e-02 -1.342972964048385620e-01 1.207057952880859375e+01 6.840875744819641113e-01 8.080854415893554688e-01 1.415826916694641113e+00 -5.369841121137142181e-03 -7.122176140546798706e-02 -3.454509750008583069e-02 2.149278259277343750e+01 -1.640485972166061401e-01 -3.535483777523040771e-01
-4.700606688857078552e-02 -1.338752657175064087e-01 1.200808715820312500e+01 6.508606672286987305e-01 7.313053607940673828e-01 1.440199732780456543e+00 -5.168209783732891083e-03 -7.049059122800827026e-02 -3.453778102993965149e-02 2.145334243774414062e+01 -1.639854758977890015e-01 -3.526382446289062500e-01
-4.669794812798500061e-02 -1.334496140480041504e-01 1.194536018371582031e+01 6.175298094749450684e-01 6.543011665344238281e-01 1.464674234390258789e+00 -4.966103006154298782e-03 -6.975665688514709473e-02 -3.453017771244049072e-02 2.141341781616210938e+01 -1.639200299978256226e-01 -3.517209887504577637e-01
-4.639130830764770508e-02 -1.330275833606719971e-01 1.188286972045898438e+01 5.843029022216796875e-01 5.775208473205566406e-01 1.489047884941101074e+00 -4.764470271766185760e-03 -6.902548670768737793e-02 -3.452286496758460999e-02 2.137397766113281250e+01 -1.638569384813308716e-01 -3.508107960224151611e-01
-4.608319327235221863e-02 -1.326019465923309326e-01 1.182014179229736328e+01 5.509730577468872070e-01 5.005168914794921875e-01 1.513521790504455566e+00 -4.562362562865018845e-03 -6.829154491424560547e-02 -3.451525792479515076e-02 2.133405303955078125e+01 -1.637915223836898804e-01 -3.498934805393218994e-01
-4.577626287937164307e-02 -1.321786940097808838e-01 1.175762557983398438e+01 5.177434086799621582e-01 4.237370491027832031e-01 1.537909865379333496e+00 -4.360792227089405060e-03 -6.756006926298141479e-02 -3.450780734419822693e-02 2.129442596435546875e+01 -1.637273132801055908e-01 -3.489810824394226074e-01
-4.546815156936645508e-02 -1.317530721426010132e-01 1.169489860534667969e+01 4.844133257865905762e-01 3.467330932617187500e-01 1.562384963035583496e+00 -4.158688709139823914e-03 -6.682613492012023926e-02 -3.450019657611846924e-02 2.125450515747070312e+01 -1.636619269847869873e-01 -3.480638563632965088e-01
-4.516150429844856262e-02 -1.313310116529464722e-01 1.163240623474121094e+01 4.511864185333251953e-01 2.699542045593261719e-01 1.586757421493530273e+00 -3.957055509090423584e-03 -6.609495729207992554e-02 -3.449288383126258850e-02 2.121506118774414062e+01 -1.635988056659698486e-01 -3.471535742282867432e-01
-4.480255022644996643e-02 -1.302456408739089966e-01 1.158753776550292969e+01 4.271045923233032227e-01 1.842999607324600220e-01 1.642159223556518555e+00 -3.846535924822092056e-03 -6.538280844688415527e-02 -3.459020704030990601e-02 2.109599304199218750e+01 -1.632820665836334229e-01 -3.456434905529022217e-01
-4.443354532122612000e-02 -1.290479302406311035e-01 1.154532337188720703e+01 4.044168591499328613e-01 9.696580469608306885e-02 1.702748656272888184e+00 -3.750460920855402946e-03 -6.467097997665405273e-02 -3.470436111092567444e-02 2.096338462829589844e+01 -1.629214435815811157e-01 -3.440279662609100342e-01
-4.406617954373359680e-02 -1.278559565544128418e-01 1.150328445434570312e+01 3.818034529685974121e-01 9.884368628263473511e-03 1.763136267662048340e+00 -3.654567524790763855e-03 -6.396185606718063354e-02 -3.481849282979965210e-02 2.083152008056640625e+01 -1.625639647245407104e-01 -3.424214422702789307e-01
-4.369717463850975037e-02 -1.266582608222961426e-01 1.146106910705566406e+01 3.591167330741882324e-01 -7.744882605038583279e-04 1.823724627494812012e+00 -3.558501601219177246e-03 -6.325004994869232178e-02 -3.493265062570571899e-02 2.069891357421875000e+01 -1.622033417224884033e-01 -3.408058583736419678e-01
-4.332980513572692871e-02 -1.254662722349166870e-01 1.141903114318847656e+01 3.365030288696289062e-01 -1.645293086767196655e-03 1.884112000465393066e+00 -3.462608670815825462e-03 -6.254091113805770874e-02 -3.504677861928939819e-02 2.056704711914062500e+01 -1.618458479642868042e-01 -3.391993343830108643e-01
-4.289882630109786987e-02 -1.241525709629058838e-01 1.138430023193359375e+01 3.136193156242370605e-01 -2.698426134884357452e-03 1.950616240501403809e+00 -3.362161805853247643e-03 -6.175933405756950378e-02 -3.507222607731819153e-02 2.043540191650390625e+01 -1.615302562713623047e-01 -3.375971019268035889e-01
-4.238196834921836853e-02 -1.226709634065628052e-01 1.135818099975585938e+01 2.887967824935913086e-01 -3.993406426161527634e-03 2.026111364364624023e+00 -3.237651893869042397e-03 -6.086470931768417358e-02 -3.498616442084312439e-02 2.029978179931640625e+01 -1.612697392702102661e-01 -3.359373807907104492e-01
-4.179416224360466003e-02 -1.209600195288658142e-01 1.133030509948730469e+01 2.603700160980224609e-01 -5.438947584480047226e-03 2.111640214920043945e+00 -3.112731734290719032e-03 -5.986688658595085144e-02 -3.488181903958320618e-02 2.014182090759277344e+01 -1.609387695789337158e-01 -3.340005278587341309e-01
-4.120873287320137024e-02 -1.192569211125373840e-01 1.130258941650390625e+01 2.320234030485153198e-01 -6.880709901452064514e-03 2.196908473968505859e+00 -2.987973857671022415e-03 -5.887259170413017273e-02 -3.477816656231880188e-02 1.998479843139648438e+01 -1.606117933988571167e-01 -3.320751488208770752e-01
-4.062114283442497253e-02 -1.175468862056732178e-01 1.127474021911621094e+01 2.035953849554061890e-01 -8.326420560479164124e-03 2.282435655593872070e+00 -2.862988738343119621e-03 -5.787497013807296753e-02 -3.467394411563873291e-02 1.982699203491210938e+01 -1.602818518877029419e-01 -3.301402330398559570e-01
-4.003569111227989197e-02 -1.158437132835388184e-01 1.124702262878417969e+01 1.752494424581527710e-01 -9.768209420144557953e-03 2.367705345153808594e+00 -2.738218521699309349e-03 -5.688066408038139343e-02 -3.457027673721313477e-02 1.966996002197265625e+01 -1.599548012018203735e-01 -3.282147049903869629e-01
-3.945025429129600525e-02 -1.141405776143074036e-01 1.121930503845214844e+01 1.469030231237411499e-01 -1.120997872203588486e-02 2.452973604202270508e+00 -2.613458083942532539e-03 -5.588637292385101318e-02 -3.446660935878753662e-02 1.951293754577636719e+01 -1.596277952194213867e-01 -3.262892365455627441e-01
-3.885528445243835449e-02 -1.124211773276329041e-01 1.119238853454589844e+01 1.192781180143356323e-01 -1.266109477728605270e-02 2.539654970169067383e+00 -2.492394531145691872e-03 -5.488199740648269653e-02 -3.436482325196266174e-02 1.935516166687011719e+01 -1.592949330806732178e-01 -3.243635892868041992e-01
-3.818085044622421265e-02 -1.106046587228775024e-01 1.117593383789062500e+01 1.006132811307907104e-01 -1.416809018701314926e-02 2.638852596282958984e+00 -2.415010472759604454e-03 -5.380629003047943115e-02 -3.429038822650909424e-02 1.919845581054687500e+01 -1.589325815439224243e-01 -3.225493133068084717e-01
-3.750398382544517517e-02 -1.087808907032012939e-01 1.115937995910644531e+01 8.189491927623748779e-02 -1.567924953997135162e-02 2.738352060317993164e+00 -2.337553538382053375e-03 -5.272698774933815002e-02 -3.421549126505851746e-02 1.904096794128417969e+01 -1.585671752691268921e-01 -3.207258284091949463e-01
-3.682955726981163025e-02 -1.069643869996070862e-01 1.114292716979980469e+01 6.323002278804779053e-02 -1.718624122440814972e-02 2.837550163269042969e+00 -2.260170411318540573e-03 -5.165128409862518311e-02 -3.414106369018554688e-02 1.888426589965820312e+01 -1.582048535346984863e-01 -3.189116120338439941e-01
-3.615269064903259277e-02 -1.051406189799308777e-01 1.112637329101562500e+01 4.451100528240203857e-02 -1.869738847017288208e-02 2.937049150466918945e+00 -2.182705793529748917e-03 -5.057199671864509583e-02 -3.406616672873497009e-02 1.872678184509277344e+01 -1.578394621610641479e-01 -3.170881271362304688e-01
-3.548050671815872192e-02 -1.033606603741645813e-01 1.110807037353515625e+01 2.736119925975799561e-02 -2.020558156073093414e-02 3.039805650711059570e+00 -2.127269981428980827e-03 -4.952440038323402405e-02 -3.396603837609291077e-02 1.856762123107910156e+01 -1.574877649545669556e-01 -3.153119087219238281e-01
-3.480802103877067566e-02 -1.016039550304412842e-01 1.108825683593750000e+01 1.135383546352386475e-02 -2.171921171247959137e-02 3.145676851272583008e+00 -2.088976325467228889e-03 -4.849577695131301880e-02 -3.384532779455184937e-02 1.840601539611816406e+01 -1.571432054042816162e-01 -3.135599195957183838e-01
-3.413795307278633118e-02 -9.985428303480148315e-02 1.106854820251464844e+01 -4.607155642588622868e-05 -2.322869934141635895e-02 3.251232862472534180e+00 -2.050662180408835411e-03 -4.747059196233749390e-02 -3.372519463300704956e-02 1.824519729614257812e+01 -1.568016409873962402e-01 -3.118169009685516357e-01
-3.346788138151168823e-02 -9.810465574264526367e-02 1.104884243011474609e+01 -2.056850498775020242e-04 -2.473817765712738037e-02 3.356787919998168945e+00 -2.012353157624602318e-03 -4.644542187452316284e-02 -3.360507264733314514e-02 1.808438110351562500e+01 -1.564600765705108643e-01 -3.100738823413848877e-01
-3.279539570212364197e-02 -9.634792804718017578e-02 1.102902507781982422e+01 -3.657563065644353628e-04 -2.625181525945663452e-02 3.462660074234008789e+00 -1.974054612219333649e-03 -4.541678726673126221e-02 -3.348435834050178528e-02 1.792277145385742188e+01 -1.561155468225479126e-01 -3.083218932151794434e-01
-3.212533518671989441e-02 -9.459830075502395630e-02 1.100931739807128906e+01 -5.253686103969812393e-04 -2.776129171252250671e-02 3.568214893341064453e+00 -1.935745007358491421e-03 -4.439161717891693115e-02 -3.336422890424728394e-02 1.776195526123046875e+01 -1.557739824056625366e-01 -3.065789043903350830e-01
-3.145284205675125122e-02 -9.284156560897827148e-02 1.098950099945068359e+01 -6.854452076368033886e-04 -2.927492000162601471e-02 3.674086093902587891e+00 -1.897451118566095829e-03 -4.336298257112503052e-02 -3.324352204799652100e-02 1.760034942626953125e+01 -1.554294228553771973e-01 -3.048268854618072510e-01
-3.071586228907108307e-02 -9.099562466144561768e-02 1.097545528411865234e+01 -7.742454181425273418e-04 -3.090519271790981293e-02 3.786793470382690430e+00 -1.893676002509891987e-03 -4.229814931750297546e-02 -3.300459682941436768e-02 1.742899894714355469e+01 -1.551353931427001953e-01 -3.030850291252136230e-01
-2.992684952914714813e-02 -8.906781673431396484e-02 1.096608448028564453e+01 -8.112735813483595848e-04 -3.262662887573242188e-02 3.905231237411499023e+00 -1.915815635584294796e-03 -4.120294377207756042e-02 -3.267947584390640259e-02 1.724860763549804688e+01 -1.548700928688049316e-01 -3.013322651386260986e-01
-2.914034016430377960e-02 -8.714655041694641113e-02 1.095676803588867188e+01 -8.481611148454248905e-04 -3.434321656823158264e-02 4.023323535919189453e+00 -1.937845489010214806e-03 -4.011115431785583496e-02 -3.235537931323051453e-02 1.706888961791992188e+01 -1.546065509319305420e-01 -2.995864450931549072e-01
-2.835133671760559082e-02 -8.521874994039535522e-02 1.094739818572998047e+01 -8.851851453073322773e-04 -3.606465086340904236e-02 4.141761302947998047e+00 -1.959987916052341461e-03 -3.901597484946250916e-02 -3.203026577830314636e-02 1.688850212097167969e+01 -1.543412804603576660e-01 -2.978337109088897705e-01
-2.756499871611595154e-02 -8.329837024211883545e-02 1.093811416625976562e+01 -9.220488136634230614e-04 -3.778148069977760315e-02 4.259856224060058594e+00 -1.981970155611634254e-03 -3.792436048388481140e-02 -3.170623630285263062e-02 1.670893669128417969e+01 -1.540787667036056519e-01 -2.960898280143737793e-01
-2.677934989333152771e-02 -8.138136565685272217e-02 1.092894649505615234e+01 -9.587962995283305645e-04 -3.949923813343048096e-02 4.377966403961181641e+00 -2.003757515922188759e-03 -3.683347627520561218e-02 -3.138245642185211182e-02 1.652996253967285156e+01 -1.538202613592147827e-01 -2.943534255027770996e-01
-2.599050290882587433e-02 -7.945439964532852173e-02 1.091960430145263672e+01 -9.957929141819477081e-04 -4.122095182538032532e-02 4.496409893035888672e+00 -2.025857102125883102e-03 -3.573843464255332947e-02 -3.105739690363407135e-02 1.634971618652343750e+01 -1.535559594631195068e-01 -2.926024794578552246e-01
-2.520383521914482117e-02 -7.752357423305511475e-02 1.091110229492187500e+01 -1.028966973535716534e-03 -4.293606057763099670e-02 4.614200115203857422e+00 -2.050863113254308701e-03 -3.464690595865249634e-02 -3.073177672922611237e-02 1.617040824890136719e+01 -1.532913148403167725e-01 -2.908578515052795410e-01
-2.441974170506000519e-02 -7.558535039424896240e-02 1.090596008300781250e+01 -1.050162478350102901e-03 -4.465969279408454895e-02 4.731571674346923828e+00 -2.083360683172941208e-03 -3.355840593576431274e-02 -3.040256723761558533e-02 1.599650669097900391e+01 -1.530547589063644409e-01 -2.891711592674255371e-01
-2.363830804824829102e-02 -7.365479320287704468e-02 1.090085792541503906e+01 -1.071371021680533886e-03 -4.637861996889114380e-02 4.848608970642089844e+00 -2.115583280101418495e-03 -3.247348219156265259e-02 -3.007449768483638763e-02 1.582337188720703125e+01 -1.528207212686538696e-01 -2.874927818775177002e-01
-2.285419590771198273e-02 -7.171652466058731079e-02 1.089571380615234375e+01 -1.092568738386034966e-03 -4.810228198766708374e-02 4.965983390808105469e+00 -2.148081548511981964e-03 -3.138495981693267822e-02 -2.974528074264526367e-02 1.564946460723876953e+01 -1.525841653347015381e-01 -2.858060300350189209e-01
-2.207276783883571625e-02 -6.978595256805419922e-02 1.089061260223388672e+01 -1.113776117563247681e-03 -4.982119053602218628e-02 5.083019256591796875e+00 -2.180302282795310020e-03 -3.030003793537616730e-02 -2.941721677780151367e-02 1.547632884979248047e+01 -1.523501127958297729e-01 -2.841276526451110840e-01
-2.128867432475090027e-02 -6.784773617982864380e-02 1.088547134399414062e+01 -1.134972437284886837e-03 -5.154483020305633545e-02 5.200392246246337891e+00 -2.212804043665528297e-03 -2.921154908835887909e-02 -2.908801101148128510e-02 1.530242633819580078e+01 -1.521135717630386353e-01 -2.824409902095794678e-01
-2.052116766571998596e-02 -6.586544960737228394e-02 1.088529777526855469e+01 -1.136335544288158417e-03 -5.322469770908355713e-02 5.318567752838134766e+00 -2.262958092615008354e-03 -2.816191874444484711e-02 -2.878256328403949738e-02 1.512405490875244141e+01 -1.518545448780059814e-01 -2.807499170303344727e-01
-1.985396258533000946e-02 -6.349398195743560791e-02 1.092149543762207031e+01 -9.911860106512904167e-04 -5.462068319320678711e-02 5.445480823516845703e+00 -2.445811405777931213e-03 -2.736949175596237183e-02 -2.864303067326545715e-02 1.490627765655517578e+01 -1.514086425304412842e-01 -2.789575159549713135e-01
-1.918913051486015320e-02 -6.113086268305778503e-02 1.095765018463134766e+01 -8.463729755021631718e-04 -5.601270496845245361e-02 5.572043895721435547e+00 -2.628077287226915359e-03 -2.657998912036418915e-02 -2.850424498319625854e-02 1.468933868408203125e+01 -1.509656459093093872e-01 -2.771734297275543213e-01
-1.852176710963249207e-02 -5.876160785555839539e-02 1.099330902099609375e+01 -7.021094788797199726e-04 -5.740303918719291687e-02 5.698219299316406250e+00 -2.810304053127765656e-03 -2.578691951930522919e-02 -2.836206555366516113e-02 1.447154045104980469e+01 -1.505139768123626709e-01 -2.753730714321136475e-01
-1.783160306513309479e-02 -5.642397701740264893e-02 1.102107810974121094e+01 -5.621181335300207138e-04 -5.875418707728385925e-02 5.812576293945312500e+00 -2.981886500492691994e-03 -2.496208623051643372e-02 -2.813915722072124481e-02 1.426067543029785156e+01 -1.500322371721267700e-01 -2.735440135002136230e-01
-1.714390888810157776e-02 -5.409460887312889099e-02 1.104883766174316406e+01 -4.224462609272450209e-04 -6.010152027010917664e-02 5.926630973815917969e+00 -3.152935532853007317e-03 -2.414030767977237701e-02 -2.791731804609298706e-02 1.405062961578369141e+01 -1.495535224676132202e-01 -2.717235088348388672e-01
-1.645374298095703125e-02 -5.175696685910224915e-02 1.107660865783691406e+01 -2.824516559485346079e-04 -6.145268306136131287e-02 6.040988922119140625e+00 -3.324524499475955963e-03 -2.331548370420932770e-02 -2.769440039992332458e-02 1.383976459503173828e+01 -1.490717977285385132e-01 -2.698944509029388428e-01
-1.576607301831245422e-02 -4.942764341831207275e-02 1.110436725616455078e+01 -1.427842653356492519e-04 -6.279999762773513794e-02 6.155040264129638672e+00 -3.495567943900823593e-03 -2.249372936785221100e-02 -2.747256495058536530e-02 1.362972450256347656e+01 -1.485931128263473511e-01 -2.680740058422088623e-01
-1.507589407265186310e-02 -4.708998277783393860e-02 1.113213729858398438e+01 -2.787560106298769824e-06 -6.415116041898727417e-02 6.269398212432861328e+00 -3.667153418064117432e-03 -2.166888676583766937e-02 -2.724964544177055359e-02 1.341885471343994141e+01 -1.481113433837890625e-01 -2.662448883056640625e-01
-1.438821386545896530e-02 -4.476062580943107605e-02 1.115989494323730469e+01 1.368789374828338623e-02 -6.549847871065139771e-02 6.383452415466308594e+00 -3.838199889287352562e-03 -2.084712311625480652e-02 -2.702781371772289276e-02 1.320881271362304688e+01 -1.476326733827590942e-01 -2.644243836402893066e-01
-1.369804143905639648e-02 -4.242298379540443420e-02 1.118766593933105469e+01 2.768732607364654541e-02 -6.684964895248413086e-02 6.497809886932373047e+00 -4.009788390249013901e-03 -2.002228051424026489e-02 -2.680489048361778259e-02 1.299794673919677734e+01 -1.471509188413619995e-01 -2.625953257083892822e-01
-1.300610136240720749e-02 -4.009239748120307922e-02 1.121674060821533203e+01 4.198946058750152588e-02 -6.820143759250640869e-02 6.612648487091064453e+00 -4.176807589828968048e-03 -1.919719018042087555e-02 -2.658382616937160492e-02 1.278604221343994141e+01 -1.466738879680633545e-01 -2.607617080211639404e-01
-1.230833493173122406e-02 -3.775404766201972961e-02 1.124659347534179688e+01 5.653385818004608154e-02 -6.955616921186447144e-02 6.727981567382812500e+00 -4.340474028140306473e-03 -1.836616732180118561e-02 -2.636136859655380249e-02 1.257155704498291016e+01 -1.461902260780334473e-01 -2.589010894298553467e-01
-1.161017827689647675e-02 -3.541408851742744446e-02 1.127683258056640625e+01 7.116128504276275635e-02 -7.091574370861053467e-02 6.843813896179199219e+00 -4.504499956965446472e-03 -1.753508858382701874e-02 -2.613990195095539093e-02 1.235719871520996094e+01 -1.457116156816482544e-01 -2.570474445819854736e-01
-1.090761274099349976e-02 -3.305862471461296082e-02 1.130791282653808594e+01 8.503209054470062256e-02 -7.230530679225921631e-02 6.961217880249023438e+00 -4.670167341828346252e-03 -1.666513457894325256e-02 -2.591423690319061279e-02 1.213690090179443359e+01 -1.452280431985855103e-01 -2.551617622375488281e-01
-1.014670543372631073e-02 -3.054730407893657684e-02 1.134227085113525391e+01 9.904728829860687256e-02 -7.386634498834609985e-02 7.090176582336425781e+00 -4.839344881474971771e-03 -1.562978513538837433e-02 -2.566337957978248596e-02 1.188535022735595703e+01 -1.447291225194931030e-01 -2.530849575996398926e-01
-9.336899034678936005e-03 -2.812122739851474762e-02 1.138441944122314453e+01 1.222146898508071899e-01 -7.548132538795471191e-02 7.228195190429687500e+00 -4.996361210942268372e-03 -1.463950704783201218e-02 -2.538756467401981354e-02 1.162169837951660156e+01 -1.443948745727539062e-01 -2.510899305343627930e-01
-8.524347096681594849e-03 -2.568677440285682678e-02 1.142661094665527344e+01 1.454389542341232300e-01 -7.710059732198715210e-02 7.366564273834228516e+00 -5.153874866664409637e-03 -1.364595815539360046e-02 -2.511055208742618561e-02 1.135712528228759766e+01 -1.440579742193222046e-01 -2.490860521793365479e-01
-7.714543957263231277e-03 -2.326072566211223602e-02 1.146875953674316406e+01 1.686059981584548950e-01 -7.871556282043457031e-02 7.504581928253173828e+00 -5.310891661792993546e-03 -1.265569869428873062e-02 -2.483474276959896088e-02 1.109347629547119141e+01 -1.437237411737442017e-01 -2.470910251140594482e-01
-6.902003660798072815e-03 -2.082627080380916595e-02 1.151095104217529297e+01 1.918303221464157104e-01 -8.033486455678939819e-02 7.642951488494873047e+00 -5.468407180160284042e-03 -1.166215166449546814e-02 -2.455773763358592987e-02 1.082890319824218750e+01 -1.433868408203125000e-01 -2.450871616601943970e-01
-6.092196796089410782e-03 -1.840020716190338135e-02 1.155310058593750000e+01 2.149977236986160278e-01 -8.194983005523681641e-02 7.780969619750976562e+00 -5.625423509627580643e-03 -1.067188754677772522e-02 -2.428192086517810822e-02 1.056525135040283203e+01 -1.430525928735733032e-01 -2.430921047925949097e-01
-5.280853249132633209e-03 -1.596865616738796234e-02 1.159482860565185547e+01 2.381028085947036743e-01 -8.356212079524993896e-02 7.918673038482666016e+00 -5.782579537481069565e-03 -9.680103510618209839e-03 -2.400430850684642792e-02 1.030095767974853516e+01 -1.427101194858551025e-01 -2.410831004381179810e-01
-4.468300379812717438e-03 -1.353418640792369843e-02 1.163702011108398438e+01 2.613274455070495605e-01 -8.518141508102416992e-02 8.057043075561523438e+00 -5.940101575106382370e-03 -8.686554618179798126e-03 -2.372730150818824768e-02 1.003638267517089844e+01 -1.423732191324234009e-01 -2.390792220830917358e-01
-3.658490488305687904e-03 -1.110811810940504074e-02 1.167916965484619141e+01 2.844945192337036133e-01 -8.679640293121337891e-02 8.195060729980468750e+00 -6.097115576267242432e-03 -7.696284446865320206e-03 -2.345149032771587372e-02 9.772730827331542969e+00 -1.420389711856842041e-01 -2.370841801166534424e-01
-2.845950890332460403e-03 -8.673680946230888367e-03 1.172136116027832031e+01 3.077185153961181641e-01 -8.841566741466522217e-02 8.333428382873535156e+00 -6.254632957279682159e-03 -6.702743005007505417e-03 -2.317448332905769348e-02 9.508160591125488281e+00 -1.417020708322525024e-01 -2.350803315639495850e-01
-2.078348537907004356e-03 -6.774133071303367615e-03 1.175337886810302734e+01 3.210077881813049316e-01 -8.995828777551651001e-02 8.453599929809570312e+00 -6.311438512057065964e-03 -5.620837677270174026e-03 -2.281613834202289581e-02 9.266249656677246094e+00 -1.414777785539627075e-01 -2.332946211099624634e-01
-1.330176251940429211e-03 -5.143106915056705475e-03 1.178010845184326172e+01 3.291580677032470703e-01 -9.146715700626373291e-02 8.564733505249023438e+00 -6.316034123301506042e-03 -4.487407859414815903e-03 -2.241316996514797211e-02 9.034848213195800781e+00 -1.413086205720901489e-01 -2.316101044416427612e-01
-5.616142298094928265e-04 -3.496536053717136383e-03 1.180626201629638672e+01 3.392055630683898926e-01 -9.299785643815994263e-02 8.675266265869140625e+00 -6.317043676972389221e-03 -3.343681572005152702e-03 -2.193582244217395782e-02 8.804401397705078125e+00 -1.411794275045394897e-01 -2.299544811248779297e-01
2.245257049798965454e-02 -1.830478897318243980e-03 1.183201980590820312e+01 3.505058288574218750e-01 -9.454938024282455444e-02 8.785829544067382812e+00 -6.315636914223432541e-03 -2.186915138736367226e-03 -2.140696533024311066e-02 8.573239326477050781e+00 -1.410730332136154175e-01 -2.283050864934921265e-01
1.007973924279212952e-01 -1.701652945484966040e-04 1.185779380798339844e+01 3.617882728576660156e-01 -9.609679877758026123e-02 8.896138191223144531e+00 -6.314301863312721252e-03 -1.034024171531200409e-03 -2.088029123842716217e-02 8.342883110046386719e+00 -1.409684419631958008e-01 -2.266632467508316040e-01
1.793067157268524170e-01 1.493862867355346680e-01 1.188310050964355469e+01 3.729895949363708496e-01 -9.764155000448226929e-02 9.006061553955078125e+00 -6.312668323516845703e-03 1.209135353565216064e-02 -2.035066112875938416e-02 8.111963272094726562e+00 -1.408564001321792603e-01 -2.250083535909652710e-01
2.579195201396942139e-01 3.159908056259155273e-01 1.190885829925537109e+01 3.842900395393371582e-01 -9.919306635856628418e-02 9.116622924804687500e+00 -6.311263889074325562e-03 1.277670413255691528e-01 -1.982181333005428314e-02 7.880805015563964844e+00 -1.407500207424163818e-01 -2.233589738607406616e-01
3.362635076045989990e-01 4.820204973220825195e-01 1.193463134765625000e+01 3.955720663070678711e-01 -1.007404699921607971e-01 9.226932525634765625e+00 -6.309923250228166580e-03 2.430554181337356567e-01 -1.929514110088348389e-02 7.650450706481933594e+00 -1.406454294919967651e-01 -2.217171192169189453e-01
4.145725071430206299e-01 6.474467515945434570e-01 1.195981884002685547e+01 4.062542915344238281e-01 -1.022694930434226990e-01 9.334595680236816406e+00 -6.304642185568809509e-03 3.577839732170104980e-01 -1.876513846218585968e-02 7.423963546752929688e+00 -1.405321061611175537e-01 -2.200804501771926880e-01
4.888859689235687256e-01 7.978949546813964844e-01 1.197806453704833984e+01 4.093807935714721680e-01 -1.035195812582969666e-01 9.406614303588867188e+00 -6.252166349440813065e-03 4.605448842048645020e-01 -1.822333969175815582e-02 7.255360126495361328e+00 -1.403359770774841309e-01 -2.186068147420883179e-01
5.649995207786560059e-01 9.528011083602905273e-01 1.199396800994873047e+01 4.129120707511901855e-01 -1.048070490360260010e-01 9.479130744934082031e+00 -6.193927954882383347e-03 5.666307806968688965e-01 -1.766541786491870880e-02 7.084915637969970703e+00 -1.401350945234298706e-01 -2.170902937650680542e-01
6.436764001846313477e-01 1.114361763000488281e+00 1.200572013854980469e+01 4.172168970108032227e-01 -1.061538979411125183e-01 9.552248954772949219e+00 -6.125750951468944550e-03 6.777922511100769043e-01 -1.708440296351909637e-02 6.912676334381103516e+00 -1.399313360452651978e-01 -2.155146747827529907e-01
7.284601330757141113e-01 1.287433505058288574e+00 1.200306510925292969e+01 4.232192635536193848e-01 -1.075607091188430786e-01 9.624345779418945312e+00 -5.985621828585863113e-03 7.950822710990905762e-01 -1.645233668386936188e-02 6.727649211883544922e+00 -1.396522521972656250e-01 -2.136838287115097046e-01
8.176108598709106445e-01 1.465286493301391602e+00 1.199571228027343750e+01 4.327591657638549805e-01 -1.090123653411865234e-01 9.698068618774414062e+00 -5.835585296154022217e-03 9.140886664390563965e-01 -1.576952822506427765e-02 6.531617641448974609e+00 -1.393500715494155884e-01 -2.117861062288284302e-01
9.062235355377197266e-01 1.616582036018371582e+00 1.195484256744384766e+01 4.700601100921630859e-01 -1.104076653718948364e-01 9.766387939453125000e+00 -5.700433626770973206e-03 1.000650644302368164e+00 -1.496338844299316406e-02 6.343875408172607422e+00 -1.391619294881820679e-01 -2.103445976972579956e-01
9.966287612915039062e-01 1.771787166595458984e+00 1.190622711181640625e+01 5.070065259933471680e-01 -1.118363663554191589e-01 9.834319114685058594e+00 -5.555230658501386642e-03 1.089444637298583984e+00 -1.413720846176147461e-02 6.155231475830078125e+00 -1.389579921960830688e-01 -2.088416665792465210e-01
1.078596472740173340e+00 1.911670088768005371e+00 1.184368324279785156e+01 5.414774417877197266e-01 -1.131241843104362488e-01 9.891633987426757812e+00 -5.371205043047666550e-03 1.174330234527587891e+00 -1.337814703583717346e-02 5.981446743011474609e+00 -1.387149244546890259e-01 -2.073325812816619873e-01
1.127703189849853516e+00 1.992828726768493652e+00 1.175023555755615234e+01 5.614962577819824219e-01 -1.138574779033660889e-01 9.911105155944824219e+00 -5.096353124827146530e-03 1.237777590751647949e+00 -1.287379674613475800e-02 5.865146160125732422e+00 -1.383803933858871460e-01 -2.059523463249206543e-01
1.162669062614440918e+00 2.055213928222656250e+00 1.164111709594726562e+01 5.753787159919738770e-01 -1.144123077392578125e-01 9.914782524108886719e+00 -4.778142552822828293e-03 1.292448282241821289e+00 -1.245983131229877472e-02 5.763712406158447266e+00 -1.379934251308441162e-01 -2.045312970876693726e-01
1.199117898941040039e+00 2.121370315551757812e+00 1.153037834167480469e+01 5.900070667266845703e-01 -1.149773374199867249e-01 9.917012214660644531e+00 -4.445670638233423233e-03 1.348776698112487793e+00 -1.202532276511192322e-02 5.658209800720214844e+00 -1.375826001167297363e-01 -2.030614763498306274e-01
1.235435605049133301e+00 2.187287807464599609e+00 1.142005062103271484e+01 6.046016216278076172e-01 -1.155415475368499756e-01 9.919343948364257812e+00 -4.114203620702028275e-03 1.404932022094726562e+00 -1.159269455820322037e-02 5.553063392639160156e+00 -1.371744275093078613e-01 -2.015979737043380737e-01
1.271883487701416016e+00 2.253441333770751953e+00 1.130931568145751953e+01 6.192296147346496582e-01 -1.161065548658370972e-01 9.921573638916015625e+00 -3.781739156693220139e-03 1.461258053779602051e+00 -1.115820650011301041e-02 5.447562694549560547e+00 -1.367636024951934814e-01 -2.001282125711441040e-01
1.308201313018798828e+00 2.319358348846435547e+00 1.119898796081542969e+01 6.338244676589965820e-01 -1.166707649827003479e-01 9.923905372619628906e+00 -3.450274700298905373e-03 1.517413377761840820e+00 -1.072557549923658371e-02 5.342417716979980469e+00 -1.363554298877716064e-01 -1.986646950244903564e-01
1.344760060310363770e+00 2.385714530944824219e+00 1.108785724639892578e+01 6.484011411666870117e-01 -1.172313019633293152e-01 9.925588607788085938e+00 -3.117725485935807228e-03 1.573759198188781738e+00 -1.028817892074584961e-02 5.236709594726562500e+00 -1.359375715255737305e-01 -1.971855163574218750e-01
1.381077647209167480e+00 2.451631546020507812e+00 1.097752952575683594e+01 6.629952192306518555e-01 -1.177955046296119690e-01 9.927920341491699219e+00 -2.786261029541492462e-03 1.629914164543151855e+00 -9.855551645159721375e-03 5.131564140319824219e+00 -1.355293989181518555e-01 -1.957219988107681274e-01
1.417395591735839844e+00 2.517549514770507812e+00 1.086720085144042969e+01 6.775901317596435547e-01 -1.183597370982170105e-01 9.930252075195312500e+00 -2.454791218042373657e-03 1.686070442199707031e+00 -9.422919712960720062e-03 5.026417255401611328e+00 -1.351212114095687866e-01 -1.942584514617919922e-01
1.459129452705383301e+00 2.586255073547363281e+00 1.073272132873535156e+01 6.900113224983215332e-01 -1.189445778727531433e-01 9.929842948913574219e+00 -2.098183147609233856e-03 1.750620722770690918e+00 -8.977795951068401337e-03 4.915456295013427734e+00 -1.346057802438735962e-01 -1.925339698791503906e-01
1.505072593688964844e+00 2.660443305969238281e+00 1.058055305480957031e+01 7.014400362968444824e-01 -1.195597350597381592e-01 9.927877426147460938e+00 -1.720982254482805729e-03 1.823165416717529297e+00 -8.515860885381698608e-03 4.797909259796142578e+00 -1.340055465698242188e-01 -1.906111836433410645e-01
1.551165342330932617e+00 2.734869003295898438e+00 1.042788696289062500e+01 7.128920555114746094e-01 -1.201757118105888367e-01 9.925798416137695312e+00 -1.342690666206181049e-03 1.895908117294311523e+00 -8.052038028836250305e-03 4.679992198944091797e+00 -1.334022879600524902e-01 -1.886812001466751099e-01
1.597108602523803711e+00 2.809058189392089844e+00 1.027571678161621094e+01 7.243209481239318848e-01 -1.207908987998962402e-01 9.923832893371582031e+00 -9.654833702370524406e-04 1.968453407287597656e+00 -7.590101566165685654e-03 4.562443256378173828e+00 -1.328020244836807251e-01 -1.867583841085433960e-01
1.643202185630798340e+00 2.883484840393066406e+00 1.012304878234863281e+01 7.357729673385620117e-01 -1.214068830013275146e-01 9.921754837036132812e+00 -5.871863686479628086e-04 2.041197299957275391e+00 -7.126274518668651581e-03 4.444524765014648438e+00 -1.321987658739089966e-01 -1.848283708095550537e-01
1.679767847061157227e+00 2.931453704833984375e+00 9.988143920898437500e+00 7.422873973846435547e-01 -1.219108998775482178e-01 9.921154022216796875e+00 -2.546890464145690203e-04 2.090442180633544922e+00 -6.772730033844709396e-03 4.360879421234130859e+00 -1.317388266324996948e-01 -1.832260787487030029e-01
1.713903784751892090e+00 2.972353458404541016e+00 9.857400894165039062e+00 7.473870515823364258e-01 -1.223794072866439819e-01 9.920293807983398438e+00 6.610314827412366867e-03 2.133224010467529297e+00 -6.445317529141902924e-03 4.286330699920654297e+00 -1.313094198703765869e-01 -1.816998422145843506e-01
1.747882962226867676e+00 3.013087749481201172e+00 9.727258682250976562e+00 7.525456547737121582e-01 -1.228527650237083435e-01 9.920069694519042969e+00 3.862742707133293152e-02 2.176039695739746094e+00 -6.121671292930841446e-03 4.212039470672607422e+00 -1.308881938457489014e-01 -1.801859587430953979e-01
1.781861543655395508e+00 3.053821563720703125e+00 9.597118377685546875e+00 7.577046751976013184e-01 -1.233261376619338989e-01 9.919848442077636719e+00 7.064328342676162720e-02 2.218854904174804688e+00 -5.798047874122858047e-03 4.137752056121826172e+00 -1.304669976234436035e-01 -1.786721348762512207e-01
1.815951704978942871e+00 3.094686031341552734e+00 9.466550827026367188e+00 7.628661394119262695e-01 -1.237998828291893005e-01 9.919518470764160156e+00 1.027506962418556213e-01 2.261772632598876953e+00 -5.472966469824314117e-03 4.063232421875000000e+00 -1.300433576107025146e-01 -1.771523952484130859e-01
1.849930047988891602e+00 3.135419368743896484e+00 9.336412429809570312e+00 7.680244445800781250e-01 -1.242732480168342590e-01 9.919297218322753906e+00 1.347668021917343140e-01 2.304587364196777344e+00 -5.149341654032468796e-03 3.988945245742797852e+00 -1.296221464872360229e-01 -1.756385713815689087e-01
1.884565949440002441e+00 3.176808357238769531e+00 9.206020355224609375e+00 7.731517553329467773e-01 -1.247511059045791626e-01 9.918983459472656250e+00 1.674097627401351929e-01 2.347787857055664062e+00 -4.825671203434467316e-03 3.912869215011596680e+00 -1.291897296905517578e-01 -1.741058379411697388e-01
1.919523596763610840e+00 3.218484401702880859e+00 9.076191902160644531e+00 7.782493829727172852e-01 -1.252318620681762695e-01 9.918788909912109375e+00 2.003882974386215210e-01 2.391112089157104492e+00 -4.504544660449028015e-03 3.835786104202270508e+00 -1.287527978420257568e-01 -1.725686043500900269e-01
1.954595685005187988e+00 3.260293483734130859e+00 8.945938110351562500e+00 7.833495140075683594e-01 -1.257130354642868042e-01 9.918488502502441406e+00 2.334601730108261108e-01 2.434539556503295898e+00 -4.181990399956703186e-03 3.758464574813842773e+00 -1.283133924007415771e-01 -1.710254698991775513e-01
1.989670872688293457e+00 3.301941871643066406e+00 8.815028190612792969e+00 7.884452342987060547e-01 -1.261950433254241943e-01 9.918467521667480469e+00 2.666993439197540283e-01 2.478115558624267578e+00 -3.858076175674796104e-03 3.680187702178955078e+00 -1.278722286224365234e-01 -1.694770753383636475e-01
2.025109052658081055e+00 3.343717098236083984e+00 8.681682586669921875e+00 7.934795618057250977e-01 -1.266742795705795288e-01 9.918098449707031250e+00 3.004502952098846436e-01 2.522087812423706055e+00 -3.525657346472144127e-03 3.599608421325683594e+00 -1.274156421422958374e-01 -1.678971648216247559e-01
2.060384750366210938e+00 3.385318279266357422e+00 8.548927307128906250e+00 7.985725402832031250e-01 -1.271583586931228638e-01 9.918373107910156250e+00 3.341352045536041260e-01 2.566092491149902344e+00 -3.196985693648457527e-03 3.519292593002319336e+00 -1.269672960042953491e-01 -1.663297116756439209e-01
2.090174913406372070e+00 3.417443752288818359e+00 8.426639556884765625e+00 8.027579784393310547e-01 -1.275974363088607788e-01 9.922227859497070312e+00 3.648228347301483154e-01 2.605127573013305664e+00 -2.939645899459719658e-03 3.444374799728393555e+00 -1.265810877084732056e-01 -1.649097800254821777e-01
2.105056524276733398e+00 3.424053192138671875e+00 8.333568572998046875e+00 8.045350313186645508e-01 -1.279161572456359863e-01 9.935930252075195312e+00 3.872486650943756104e-01 2.630654811859130859e+00 -2.875995356589555740e-03 3.384598255157470703e+00 -1.263680011034011841e-01 -1.639013439416885376e-01
2.119937181472778320e+00 3.430662631988525391e+00 8.240500450134277344e+00 8.063122034072875977e-01 -1.282348483800888062e-01 9.949632644653320312e+00 4.096734225749969482e-01 2.656181097030639648e+00 -2.812354825437068939e-03 3.324823617935180664e+00 -1.261549293994903564e-01 -1.628929227590560913e-01
2.134868621826171875e+00 3.437294006347656250e+00 8.147129058837890625e+00 8.080817461013793945e-01 -1.285534352064132690e-01 9.963270187377929688e+00 4.321577250957489014e-01 2.681753873825073242e+00 -2.748100785538554192e-03 3.264869928359985352e+00 -1.259401291608810425e-01 -1.618803441524505615e-01
2.149749279022216797e+00 3.443902969360351562e+00 8.054059982299804688e+00 8.098589777946472168e-01 -1.288721114397048950e-01 9.976972579956054688e+00 4.545823037624359131e-01 2.707279920578002930e+00 -2.684451872482895851e-03 3.205096483230590820e+00 -1.257270425558090210e-01 -1.608719229698181152e-01
2.164680719375610352e+00 3.450534343719482422e+00 7.960684299468994141e+00 8.116283416748046875e-01 -1.291907131671905518e-01 9.990610122680664062e+00 4.770673811435699463e-01 2.732852697372436523e+00 -2.620202954858541489e-03 3.145140409469604492e+00 -1.255122125148773193e-01 -1.598592847585678101e-01
2.179562091827392578e+00 3.457143783569335938e+00 7.867616653442382812e+00 8.134058713912963867e-01 -1.295094192028045654e-01 1.000431251525878906e+01 4.994925558567047119e-01 2.758379459381103516e+00 -2.556560095399618149e-03 3.085365772247314453e+00 -1.252991408109664917e-01 -1.588508784770965576e-01
2.194521665573120117e+00 3.463783264160156250e+00 7.774116992950439453e+00 8.151099681854248047e-01 -1.298225969076156616e-01 1.001742649078369141e+01 5.219371914863586426e-01 2.783797264099121094e+00 -2.490240847691893578e-03 3.025411844253540039e+00 -1.250787675380706787e-01 -1.578322798013687134e-01
2.209402561187744141e+00 3.470392704010009766e+00 7.681048870086669922e+00 8.168870806694030762e-01 -1.301412880420684814e-01 1.003112888336181641e+01 5.443622469902038574e-01 2.809324264526367188e+00 -2.426598686724901199e-03 2.965636968612670898e+00 -1.248657107353210449e-01 -1.568238735198974609e-01
2.224333763122558594e+00 3.477023601531982422e+00 7.587677001953125000e+00 8.186565041542053223e-01 -1.304598748683929443e-01 1.004476737976074219e+01 5.668462514877319336e-01 2.834896326065063477e+00 -2.362349536269903183e-03 2.905683279037475586e+00 -1.246508955955505371e-01 -1.558112651109695435e-01
2.240538358688354492e+00 3.487091541290283203e+00 7.493421077728271484e+00 8.211312294006347656e-01 -1.307877451181411743e-01 1.005715179443359375e+01 5.905701518058776855e-01 2.861877441406250000e+00 -2.280424814671278000e-03 2.842271089553833008e+00 -1.244170144200325012e-01 -1.547612100839614868e-01
2.258327245712280273e+00 3.501298904418945312e+00 7.397747516632080078e+00 8.244407176971435547e-01 -1.311266422271728516e-01 1.006795978546142578e+01 6.158477663993835449e-01 2.890599250793457031e+00 -2.176638692617416382e-03 2.774507522583007812e+00 -1.241583004593849182e-01 -1.536614000797271729e-01
2.276167154312133789e+00 3.515529632568359375e+00 7.301767826080322266e+00 8.277423381805419922e-01 -1.314653903245925903e-01 1.007870101928710938e+01 6.411855220794677734e-01 2.919367551803588867e+00 -2.072233473882079124e-03 2.706562280654907227e+00 -1.238978058099746704e-01 -1.525573283433914185e-01
2.293955564498901367e+00 3.529736518859863281e+00 7.206093311309814453e+00 8.310515284538269043e-01 -1.318042576313018799e-01 1.008950901031494141e+01 6.664630770683288574e-01 2.948089122772216797e+00 -1.968445722013711929e-03 2.638798236846923828e+00 -1.236390843987464905e-01 -1.514574736356735229e-01
2.311794519424438477e+00 3.543966770172119141e+00 7.110117435455322266e+00 8.343533277511596680e-01 -1.321430057287216187e-01 1.010025215148925781e+01 6.918001770973205566e-01 2.976856708526611328e+00 -1.864049932919442654e-03 2.570856094360351562e+00 -1.233786195516586304e-01 -1.503534615039825439e-01
2.329583406448364258e+00 3.558174133300781250e+00 7.014441013336181641e+00 8.376626968383789062e-01 -1.324818879365921021e-01 1.011106014251708984e+01 7.170782685279846191e-01 3.005579233169555664e+00 -1.760257990099489689e-03 2.503090858459472656e+00 -1.231198832392692566e-01 -1.492536067962646484e-01
2.347411870956420898e+00 3.572308540344238281e+00 6.918373584747314453e+00 8.408784866333007812e-01 -1.328149437904357910e-01 1.012131786346435547e+01 7.423368692398071289e-01 3.034149646759033203e+00 -1.654344727285206318e-03 2.435254812240600586e+00 -1.228544786572456360e-01 -1.481448262929916382e-01
2.361597299575805664e+00 3.577989101409912109e+00 6.820709705352783203e+00 8.428690433502197266e-01 -1.331020742654800415e-01 1.013139152526855469e+01 7.664352059364318848e-01 3.059711933135986328e+00 -1.593046705238521099e-03 2.369806528091430664e+00 -1.226004958152770996e-01 -1.470515131950378418e-01
2.375823259353637695e+00 3.583665370941162109e+00 6.722736358642578125e+00 8.448483347892761230e-01 -1.333889216184616089e-01 1.014139747619628906e+01 7.905893325805664062e-01 3.085310459136962891e+00 -1.531274290755391121e-03 2.304184913635253906e+00 -1.223447769880294800e-01 -1.459539830684661865e-01
2.390008211135864258e+00 3.589343547821044922e+00 6.625068664550781250e+00 8.468384742736816406e-01 -1.336760371923446655e-01 1.015147018432617188e+01 8.146879076957702637e-01 3.110872268676757812e+00 -1.469979877583682537e-03 2.238735675811767578e+00 -1.220907941460609436e-01 -1.448606252670288086e-01
2.404193401336669922e+00 3.595021724700927734e+00 6.527407169342041016e+00 8.488283753395080566e-01 -1.339631378650665283e-01 1.016154289245605469e+01 8.387857079505920410e-01 3.136433601379394531e+00 -1.408698502928018570e-03 2.173288583755493164e+00 -1.218368336558341980e-01 -1.437673419713973999e-01
2.418419122695922852e+00 3.600698471069335938e+00 6.429430961608886719e+00 8.508076667785644531e-01 -1.342499852180480957e-01 1.017154788970947266e+01 8.629401326179504395e-01 3.162032604217529297e+00 -1.346923643723130226e-03 2.107666015625000000e+00 -1.215810924768447876e-01 -1.426697969436645508e-01
2.432604551315307617e+00 3.606376171112060547e+00 6.331764698028564453e+00 8.527977466583251953e-01 -1.345370858907699585e-01 1.018161964416503906e+01 8.870387673377990723e-01 3.187594175338745117e+00 -1.285635167732834816e-03 2.042217016220092773e+00 -1.213271021842956543e-01 -1.415764391422271729e-01
2.443302869796752930e+00 3.581086635589599609e+00 6.246057033538818359e+00 8.499845266342163086e-01 -1.347175687551498413e-01 1.019644165039062500e+01 9.048442244529724121e-01 3.208263397216796875e+00 -1.381474663503468037e-03 2.004313707351684570e+00 -1.212244033813476562e-01 -1.408147066831588745e-01
2.452772378921508789e+00 3.545362949371337891e+00 6.164794445037841797e+00 8.455682992935180664e-01 -1.348624825477600098e-01 1.021295356750488281e+01 9.204536676406860352e-01 3.227234363555908203e+00 -1.530911307781934738e-03 1.975926399230957031e+00 -1.211749985814094543e-01 -1.401703655719757080e-01
2.462261676788330078e+00 3.509450435638427734e+00 6.083170413970947266e+00 8.410402536392211914e-01 -1.350011080503463745e-01 1.022892951965332031e+01 9.360215663909912109e-01 3.246030330657958984e+00 -1.678823842667043209e-03 1.947556972503662109e+00 -1.211193948984146118e-01 -1.395180970430374146e-01
2.471730470657348633e+00 3.473726272583007812e+00 6.001907348632812500e+00 8.366234898567199707e-01 -1.351460367441177368e-01 1.024544239044189453e+01 9.516310095787048340e-01 3.265001296997070312e+00 -1.828272244893014431e-03 1.919169783592224121e+00 -1.210699975490570068e-01 -1.388737559318542480e-01
2.481226682662963867e+00 3.437882423400878906e+00 5.920382499694824219e+00 8.321771621704101562e-01 -1.352902501821517944e-01 1.026190471649169922e+01 9.672716856002807617e-01 3.283989667892456055e+00 -1.977825770154595375e-03 1.890714645385742188e+00 -1.210194155573844910e-01 -1.382264941930770874e-01
2.490696191787719727e+00 3.402158737182617188e+00 5.839118957519531250e+00 8.277606368064880371e-01 -1.354351639747619629e-01 1.027841663360595703e+01 9.828813672065734863e-01 3.302960395812988281e+00 -2.127267653122544289e-03 1.862326860427856445e+00 -1.209700182080268860e-01 -1.375821232795715332e-01
2.500192880630493164e+00 3.366313934326171875e+00 5.757593154907226562e+00 8.233143687248229980e-01 -1.355793774127960205e-01 1.029487991333007812e+01 9.985228180885314941e-01 3.321949243545532227e+00 -2.276823390275239944e-03 1.833871722221374512e+00 -1.209194511175155640e-01 -1.369348466396331787e-01
2.509661912918090820e+00 3.330590724945068359e+00 5.676331043243408203e+00 8.188979029655456543e-01 -1.357243061065673828e-01 1.031139087677001953e+01 1.014131784439086914e+00 3.340919733047485352e+00 -2.426270162686705589e-03 1.805483698844909668e+00 -1.208700463175773621e-01 -1.362905055284500122e-01
2.518757820129394531e+00 3.293004989624023438e+00 5.592135906219482422e+00 8.137738108634948730e-01 -1.358729749917984009e-01 1.032937622070312500e+01 1.030683279037475586e+00 3.360805749893188477e+00 -2.593944082036614418e-03 1.775273680686950684e+00 -1.208203732967376709e-01 -1.356344074010848999e-01
2.526858091354370117e+00 3.250209331512451172e+00 5.499664306640625000e+00 8.066865205764770508e-01 -1.360312700271606445e-01 1.035134029388427734e+01 1.049842238426208496e+00 3.383212804794311523e+00 -2.811567159369587898e-03 1.740014314651489258e+00 -1.207688525319099426e-01 -1.349433362483978271e-01
2.534933328628540039e+00 3.207540512084960938e+00 5.407463550567626953e+00 7.996312379837036133e-01 -1.361902356147766113e-01 1.037334823608398438e+01 1.068966031074523926e+00 3.405598640441894531e+00 -3.029016777873039246e-03 1.704828739166259766e+00 -1.207184791564941406e-01 -1.342552006244659424e-01
2.543041229248046875e+00 3.164747238159179688e+00 5.315003871917724609e+00 7.924888134002685547e-01 -1.363428086042404175e-01 1.039476776123046875e+01 1.088016033172607422e+00 3.427778720855712891e+00 -3.244302701205015182e-03 1.669724583625793457e+00 -1.206619217991828918e-01 -1.335595846176147461e-01
2.551093816757202148e+00 3.123728275299072266e+00 5.225554943084716797e+00 7.848986387252807617e-01 -1.364955902099609375e-01 1.041316413879394531e+01 1.107408046722412109e+00 3.450211048126220703e+00 -3.421405563130974770e-03 1.640160083770751953e+00 -1.206262335181236267e-01 -1.329168379306793213e-01
2.559408903121948242e+00 3.089214324951171875e+00 5.152848243713378906e+00 7.834510207176208496e-01 -1.366194933652877808e-01 1.043535137176513672e+01 1.126939058303833008e+00 3.465905666351318359e+00 -3.629099112004041672e-03 1.590542435646057129e+00 -1.205439716577529907e-01 -1.322585940361022949e-01
2.567879915237426758e+00 3.059764385223388672e+00 5.093173027038574219e+00 7.867667675018310547e-01 -1.367230713367462158e-01 1.046073913574218750e+01 1.146496772766113281e+00 3.476435661315917969e+00 -3.862399375066161156e-03 1.525436639785766602e+00 -1.204273104667663574e-01 -1.315907686948776245e-01
2.576378345489501953e+00 3.030219078063964844e+00 5.033311367034912109e+00 7.900832891464233398e-01 -1.368257999420166016e-01 1.048610687255859375e+01 1.166089773178100586e+00 3.486952304840087891e+00 -4.096067976206541061e-03 1.460145950317382812e+00 -1.203092560172080994e-01 -1.309198886156082153e-01
2.584352016448974609e+00 3.001098155975341797e+00 4.974718570709228516e+00 7.933552265167236328e-01 -1.369305849075317383e-01 1.051144123077392578e+01 1.185407757759094238e+00 3.497458696365356445e+00 -4.328775685280561447e-03 1.396267533302307129e+00 -1.202000305056571960e-01 -1.302711516618728638e-01
2.586659193038940430e+00 2.975744247436523438e+00 4.928495407104492188e+00 7.961292862892150879e-01 -1.370494216680526733e-01 1.053617954254150391e+01 1.201992034912109375e+00 3.507699966430664062e+00 -4.554640036076307297e-03 1.346404433250427246e+00 -1.201755478978157043e-01 -1.298404783010482788e-01
2.588702440261840820e+00 2.949597358703613281e+00 4.882810115814208984e+00 7.987652420997619629e-01 -1.371641159057617188e-01 1.056088352203369141e+01 1.218733549118041992e+00 3.517539739608764648e+00 -4.780758637934923172e-03 1.296892642974853516e+00 -1.201537549495697021e-01 -1.294166445732116699e-01
2.585552215576171875e+00 2.909858226776123047e+00 4.850289344787597656e+00 7.987772226333618164e-01 -1.372148841619491577e-01 1.058539772033691406e+01 1.237980365753173828e+00 3.519984722137451172e+00 -5.004736594855785370e-03 1.256774663925170898e+00 -1.202050819993019104e-01 -1.291699260473251343e-01
2.582388639450073242e+00 2.869976520538330078e+00 4.817654132843017578e+00 7.987335920333862305e-01 -1.372591108083724976e-01 1.060940742492675781e+01 1.257141709327697754e+00 3.522164106369018555e+00 -5.227421876043081284e-03 1.216635704040527344e+00 -1.202504113316535950e-01 -1.289165616035461426e-01
2.579239130020141602e+00 2.830238819122314453e+00 4.785133838653564453e+00 7.987457513809204102e-01 -1.373098790645599365e-01 1.063391876220703125e+01 1.276388406753540039e+00 3.524610280990600586e+00 -5.451398435980081558e-03 1.176518559455871582e+00 -1.203017458319664001e-01 -1.286698430776596069e-01
2.576079130172729492e+00 2.790375709533691406e+00 4.752511978149414062e+00 7.987484335899353027e-01 -1.373596787452697754e-01 1.065841007232666016e+01 1.295669555664062500e+00 3.527017593383789062e+00 -5.675718188285827637e-03 1.136296153068542480e+00 -1.203522086143493652e-01 -1.284213960170745850e-01
2.572929143905639648e+00 2.750637054443359375e+00 4.719991683959960938e+00 7.987604737281799316e-01 -1.374104321002960205e-01 1.068292045593261719e+01 1.314915776252746582e+00 3.529462575912475586e+00 -5.899687297642230988e-03 1.096179008483886719e+00 -1.204035356640815735e-01 -1.281746774911880493e-01
2.569769144058227539e+00 2.710773944854736328e+00 4.687369823455810547e+00 7.987632751464843750e-01 -1.374602317810058594e-01 1.070741081237792969e+01 1.334196805953979492e+00 3.531869888305664062e+00 -6.124013569205999374e-03 1.055956244468688965e+00 -1.204539760947227478e-01 -1.279262155294418335e-01
2.566619634628295898e+00 2.671035766601562500e+00 4.654849529266357422e+00 7.987755537033081055e-01 -1.375110149383544922e-01 1.073192501068115234e+01 1.353443145751953125e+00 3.534316062927246094e+00 -6.347988732159137726e-03 1.015838503837585449e+00 -1.205053329467773438e-01 -1.276795119047164917e-01
2.563469648361206055e+00 2.631297111511230469e+00 4.622329235076904297e+00 7.987878322601318359e-01 -1.375617831945419312e-01 1.075643730163574219e+01 1.372690200805664062e+00 3.536761760711669922e+00 -6.571963429450988770e-03 9.757211804389953613e-01 -1.205566599965095520e-01 -1.274328082799911499e-01
2.560309886932373047e+00 2.591435432434082031e+00 4.589708328247070312e+00 7.987900972366333008e-01 -1.376115828752517700e-01 1.078092765808105469e+01 1.391970634460449219e+00 3.539168834686279297e+00 -6.796280387789011002e-03 9.354994893074035645e-01 -1.206071153283119202e-01 -1.271843612194061279e-01
2.557637929916381836e+00 2.551051616668701172e+00 4.556253910064697266e+00 7.993118762969970703e-01 -1.376715749502182007e-01 1.080566692352294922e+01 1.413400769233703613e+00 3.541889905929565430e+00 -7.027792744338512421e-03 8.950195908546447754e-01 -1.206666901707649231e-01 -1.269422173500061035e-01
2.555310010910034180e+00 2.510040760040283203e+00 4.521986484527587891e+00 8.001594543457031250e-01 -1.377319842576980591e-01 1.083007431030273438e+01 1.436381220817565918e+00 3.544550418853759766e+00 -7.263664621859788895e-03 8.542469143867492676e-01 -1.207264512777328491e-01 -1.266968399286270142e-01
2.553003072738647461e+00 2.469162464141845703e+00 4.487818241119384766e+00 8.010705709457397461e-01 -1.377990543842315674e-01 1.085498809814453125e+01 1.459480881690979004e+00 3.547481536865234375e+00 -7.500946521759033203e-03 8.134893774986267090e-01 -1.207923591136932373e-01 -1.264581978321075439e-01
2.550687074661254883e+00 2.428161144256591797e+00 4.453549861907958984e+00 8.019739389419555664e-01 -1.378652006387710571e-01 1.087987899780273438e+01 1.482617855072021484e+00 3.550374746322631836e+00 -7.738580927252769470e-03 7.726279497146606445e-01 -1.208573952317237854e-01 -1.262178421020507812e-01
2.548379659652709961e+00 2.387283325195312500e+00 4.419381141662597656e+00 8.028848171234130859e-01 -1.379322856664657593e-01 1.090479278564453125e+01 1.505717277526855469e+00 3.553305864334106445e+00 -7.975862361490726471e-03 7.318710684776306152e-01 -1.209233030676841736e-01 -1.259791851043701172e-01
2.546063661575317383e+00 2.346281051635742188e+00 4.385111331939697266e+00 8.037877678871154785e-01 -1.379984170198440552e-01 1.092968368530273438e+01 1.528854608535766602e+00 3.556199550628662109e+00 -8.213500492274761200e-03 6.910088658332824707e-01 -1.209883391857147217e-01 -1.257388293743133545e-01
2.543757200241088867e+00 2.305403709411621094e+00 4.350944042205810547e+00 8.046991825103759766e-01 -1.380655020475387573e-01 1.095459842681884766e+01 1.551953911781311035e+00 3.559130907058715820e+00 -8.450775407254695892e-03 6.502522230148315430e-01 -1.210542544722557068e-01 -1.255001872777938843e-01
2.541440725326538086e+00 2.264402389526367188e+00 4.316675186157226562e+00 8.056021332740783691e-01 -1.381316483020782471e-01 1.097948932647705078e+01 1.575090527534484863e+00 3.562024354934692383e+00 -8.688410744071006775e-03 6.093915104866027832e-01 -1.211192980408668518e-01 -1.252598464488983154e-01
2.539133548736572266e+00 2.223524570465087891e+00 4.282506465911865234e+00 8.065130710601806641e-01 -1.381987184286117554e-01 1.100440216064453125e+01 1.598190665245056152e+00 3.564954996109008789e+00 -8.925694040954113007e-03 5.686337351799011230e-01 -1.211851760745048523e-01 -1.250212043523788452e-01
2.536827325820922852e+00 2.182648181915283203e+00 4.248340129852294922e+00 8.074247837066650391e-01 -1.382658332586288452e-01 1.102931785583496094e+01 1.621289491653442383e+00 3.567886590957641602e+00 -9.162967093288898468e-03 5.278774499893188477e-01 -1.212510913610458374e-01 -1.247825622558593750e-01
2.534499168395996094e+00 2.141635417938232422e+00 4.214070796966552734e+00 8.082721829414367676e-01 -1.383262127637863159e-01 1.105372428894042969e+01 1.644270658493041992e+00 3.570546627044677734e+00 -9.398844093084335327e-03 4.871032238006591797e-01 -1.213108450174331665e-01 -1.245371624827384949e-01
2.532192468643188477e+00 2.100758075714111328e+00 4.179903507232666016e+00 8.091832399368286133e-01 -1.383932828903198242e-01 1.107863807678222656e+01 1.667369723320007324e+00 3.573478221893310547e+00 -9.636127389967441559e-03 4.463465809822082520e-01 -1.213767528533935547e-01 -1.242985203862190247e-01
2.529875993728637695e+00 2.059757232666015625e+00 4.145634651184082031e+00 8.100858926773071289e-01 -1.384594291448593140e-01 1.110352897644042969e+01 1.690506935119628906e+00 3.576371669769287109e+00 -9.873757138848304749e-03 4.054859876632690430e-01 -1.214417889714241028e-01 -1.240581870079040527e-01
2.527958631515502930e+00 2.018917083740234375e+00 4.110896110534667969e+00 8.105570673942565918e-01 -1.385313570499420166e-01 1.112814140319824219e+01 1.714281797409057617e+00 3.579807043075561523e+00 -1.010840386152267456e-02 3.644290566444396973e-01 -1.215025335550308228e-01 -1.238095760345458984e-01
2.526313543319702148e+00 1.977979779243469238e+00 4.075642108917236328e+00 8.107005953788757324e-01 -1.386058330535888672e-01 1.115251445770263672e+01 1.738583326339721680e+00 3.583568572998046875e+00 -1.034151762723922729e-02 3.230513930320739746e-01 -1.215586662292480469e-01 -1.235520243644714355e-01
2.524678230285644531e+00 1.937166571617126465e+00 4.040490627288818359e+00 8.108525872230529785e-01 -1.386812627315521240e-01 1.117690849304199219e+01 1.762846946716308594e+00 3.587368011474609375e+00 -1.057426165789365768e-02 2.817783951759338379e-01 -1.216156557202339172e-01 -1.232961937785148621e-01
2.523033618927001953e+00 1.896230340003967285e+00 4.005237579345703125e+00 8.109963536262512207e-01 -1.387557685375213623e-01 1.120128250122070312e+01 1.787148356437683105e+00 3.591130018234252930e+00 -1.080736145377159119e-02 2.404014617204666138e-01 -1.216718181967735291e-01 -1.230386793613433838e-01
2.521397829055786133e+00 1.855417847633361816e+00 3.970085620880126953e+00 8.111481666564941406e-01 -1.388311982154846191e-01 1.122567749023437500e+01 1.811412215232849121e+00 3.594929695129394531e+00 -1.104011014103889465e-02 1.991287618875503540e-01 -1.217288151383399963e-01 -1.227828487753868103e-01
2.519762516021728516e+00 1.814605116844177246e+00 3.934933900833129883e+00 8.113001585006713867e-01 -1.389066427946090698e-01 1.125007152557373047e+01 1.835676074028015137e+00 3.598729848861694336e+00 -1.127285230904817581e-02 1.578552275896072388e-01 -1.217857897281646729e-01 -1.225270181894302368e-01
2.517146587371826172e+00 1.775180459022521973e+00 3.902841091156005859e+00 8.118966817855834961e-01 -1.389940530061721802e-01 1.127592563629150391e+01 1.857838153839111328e+00 3.600516080856323242e+00 -1.151609141379594803e-02 1.195743829011917114e-01 -1.218606755137443542e-01 -1.223090216517448425e-01
2.510721445083618164e+00 1.741780638694763184e+00 3.883220672607421875e+00 8.142283558845520020e-01 -1.391269713640213013e-01 1.130710506439208984e+01 1.871422529220581055e+00 3.594369888305664062e+00 -1.179690100252628326e-02 9.359888732433319092e-02 -1.220043897628784180e-01 -1.222424656152725220e-01
2.504288434982299805e+00 1.708296895027160645e+00 3.863546609878540039e+00 8.166049718856811523e-01 -1.392650902271270752e-01 1.133877182006835938e+01 1.885174512863159180e+00 3.588389873504638672e+00 -1.207998208701610565e-02 6.748582422733306885e-02 -1.221528053283691406e-01 -1.221797689795494080e-01
2.497877359390258789e+00 1.674918532371520996e+00 3.843933105468750000e+00 8.189834356307983398e-01 -1.394039839506149292e-01 1.137043952941894531e+01 1.898916721343994141e+00 3.582473754882812500e+00 -1.236255280673503876e-02 4.143758118152618408e-02 -1.223018020391464233e-01 -1.221182718873023987e-01
2.491444826126098633e+00 1.641436696052551270e+00 3.824260234832763672e+00 8.213599324226379395e-01 -1.395420879125595093e-01 1.140210628509521484e+01 1.912668943405151367e+00 3.576494932174682617e+00 -1.264562737196683884e-02 1.532532274723052979e-02 -1.224502176046371460e-01 -1.220555827021598816e-01
2.485033750534057617e+00 1.608057379722595215e+00 3.804646253585815430e+00 8.237388730049133301e-01 -1.396809965372085571e-01 1.143377685546875000e+01 1.926411867141723633e+00 3.570579528808593750e+00 -1.292820647358894348e-02 -1.072405284503474832e-04 -1.225992366671562195e-01 -1.219941005110740662e-01
2.478601217269897461e+00 1.574576139450073242e+00 3.784973144531250000e+00 8.261153101921081543e-01 -1.398191303014755249e-01 1.146544265747070312e+01 1.940164208412170410e+00 3.564600944519042969e+00 -1.321128103882074356e-02 -3.683559480123221874e-04 -1.227476447820663452e-01 -1.219314187765121460e-01
2.472190141677856445e+00 1.541196823120117188e+00 3.765359401702880859e+00 8.284934759140014648e-01 -1.399580389261245728e-01 1.149711036682128906e+01 1.953907489776611328e+00 3.558685064315795898e+00 -1.349386386573314667e-02 -6.288458243943750858e-04 -1.228966563940048218e-01 -1.218699142336845398e-01
2.465779304504394531e+00 1.507818341255187988e+00 3.745745897293090820e+00 8.308724164962768555e-01 -1.400969177484512329e-01 1.152877902984619141e+01 1.967649817466735840e+00 3.552769184112548828e+00 -1.377644483000040054e-02 -8.893359918147325516e-04 -1.230456680059432983e-01 -1.218084096908569336e-01
2.459346294403076172e+00 1.474335312843322754e+00 3.726072072982788086e+00 8.332487344741821289e-01 -1.402350366115570068e-01 1.156044483184814453e+01 1.981401681900024414e+00 3.546789884567260742e+00 -1.405951753258705139e-02 -1.150458003394305706e-03 -1.231940612196922302e-01 -1.217457279562950134e-01
2.452921390533447266e+00 1.440935730934143066e+00 3.706451892852783203e+00 8.355802893638610840e-01 -1.403679847717285156e-01 1.159162712097167969e+01 1.994986295700073242e+00 3.540644168853759766e+00 -1.434032525867223740e-02 -1.410215627402067184e-03 -1.233378127217292786e-01 -1.216791868209838867e-01
2.446488142013549805e+00 1.407453656196594238e+00 3.686778545379638672e+00 8.379568457603454590e-01 -1.405061036348342896e-01 1.162329292297363281e+01 2.008738517761230469e+00 3.534664630889892578e+00 -1.462340075522661209e-02 -1.671337056905031204e-03 -1.234862133860588074e-01 -1.216164827346801758e-01
2.441476583480834961e+00 1.373362898826599121e+00 3.668766260147094727e+00 8.407621383666992188e-01 -1.406386494636535645e-01 1.165242576599121094e+01 2.024787902832031250e+00 3.526914358139038086e+00 -1.489068754017353058e-02 -1.887556747533380985e-03 -1.236478239297866821e-01 -1.215891540050506592e-01
2.437213897705078125e+00 1.338776946067810059e+00 3.651575565338134766e+00 8.438000082969665527e-01 -1.407668441534042358e-01 1.168015575408935547e+01 2.042116403579711914e+00 3.518088579177856445e+00 -1.515003200620412827e-02 -2.080016769468784332e-03 -1.238157078623771667e-01 -1.215794160962104797e-01
2.432969808578491211e+00 1.304297685623168945e+00 3.634440898895263672e+00 8.468388915061950684e-01 -1.408958882093429565e-01 1.170789909362792969e+01 2.059428930282592773e+00 3.509333610534667969e+00 -1.540893595665693283e-02 -2.271978883072733879e-03 -1.239841878414154053e-01 -1.215707883238792419e-01
2.428706884384155273e+00 1.269711136817932129e+00 3.617250442504882812e+00 8.498763442039489746e-01 -1.410241425037384033e-01 1.173563098907470703e+01 2.076757907867431641e+00 3.500508785247802734e+00 -1.566829159855842590e-02 -2.464441349729895592e-03 -1.241521164774894714e-01 -1.215610653162002563e-01
2.424461364746093750e+00 1.235230922698974609e+00 3.600115299224853516e+00 8.529153466224670410e-01 -1.411531865596771240e-01 1.176337432861328125e+01 2.094070434570312500e+00 3.491752862930297852e+00 -1.592720299959182739e-02 -2.656407188624143600e-03 -1.243205964565277100e-01 -1.215524375438690186e-01
2.421027183532714844e+00 1.208131194114685059e+00 3.586075782775878906e+00 8.571868538856506348e-01 -1.413332074880599976e-01 1.178993225097656250e+01 2.111575365066528320e+00 3.489223957061767578e+00 -1.615247130393981934e-02 -2.809827914461493492e-03 -1.245397925376892090e-01 -1.216286346316337585e-01
2.418401002883911133e+00 1.188276410102844238e+00 3.575096607208251953e+00 8.626362681388854980e-01 -1.415634006261825562e-01 1.181538105010986328e+01 2.129230022430419922e+00 3.492766380310058594e+00 -1.634479872882366180e-02 -2.925541251897811890e-03 -1.248084455728530884e-01 -1.217878535389900208e-01
2.415751934051513672e+00 1.168432712554931641e+00 3.564108848571777344e+00 8.680397272109985352e-01 -1.417878717184066772e-01 1.184035778045654297e+01 2.146709680557250977e+00 3.496115207672119141e+00 -1.653535105288028717e-02 -3.040726762264966965e-03 -1.250718981027603149e-01 -1.219420507550239563e-01
2.413112878799438477e+00 1.148519277572631836e+00 3.553094625473022461e+00 8.734966516494750977e-01 -1.420176178216934204e-01 1.186578845977783203e+01 2.164382696151733398e+00 3.499629259109497070e+00 -1.672791130840778351e-02 -3.156682243570685387e-03 -1.253403127193450928e-01 -1.221007406711578369e-01
2.410486459732055664e+00 1.128663420677185059e+00 3.542114496231079102e+00 8.789460659027099609e-01 -1.422478109598159790e-01 1.189123821258544922e+01 2.182037830352783203e+00 3.503170967102050781e+00 -1.692024432122707367e-02 -3.272395115345716476e-03 -1.256089508533477783e-01 -1.222599297761917114e-01
2.407847642898559570e+00 1.108750581741333008e+00 3.531100749969482422e+00 8.844025135040283203e-01 -1.424775272607803345e-01 1.191666793823242188e+01 2.199710130691528320e+00 3.506684780120849609e+00 -1.711278967559337616e-02 -3.388348734006285667e-03 -1.258773654699325562e-01 -1.224186047911643982e-01
2.405220985412597656e+00 1.088895082473754883e+00 3.520120859146118164e+00 8.898518681526184082e-01 -1.427077353000640869e-01 1.194211769104003906e+01 2.217365980148315430e+00 3.510227680206298828e+00 -1.730512827634811401e-02 -3.504061605781316757e-03 -1.261460036039352417e-01 -1.225778162479400635e-01
2.402582406997680664e+00 1.068982481956481934e+00 3.509107589721679688e+00 8.953081965446472168e-01 -1.429374814033508301e-01 1.196754932403564453e+01 2.235038280487060547e+00 3.513742446899414062e+00 -1.749767735600471497e-02 -3.620016388595104218e-03 -1.264144182205200195e-01 -1.227364987134933472e-01
2.399955987930297852e+00 1.049126982688903809e+00 3.498126983642578125e+00 9.007577300071716309e-01 -1.431676745414733887e-01 1.199299716949462891e+01 2.252693414688110352e+00 3.517284393310546875e+00 -1.769001223146915436e-02 -3.735725302249193192e-03 -1.266830712556838989e-01 -1.228957176208496094e-01
2.397317171096801758e+00 1.029214143753051758e+00 3.487113237380981445e+00 9.062144756317138672e-01 -1.433974206447601318e-01 1.201842880249023438e+01 2.270366668701171875e+00 3.520798683166503906e+00 -1.788256317377090454e-02 -3.851681947708129883e-03 -1.269514858722686768e-01 -1.230544000864028931e-01
2.394690275192260742e+00 1.009358406066894531e+00 3.476133108139038086e+00 9.116636514663696289e-01 -1.436276137828826904e-01 1.204387760162353516e+01 2.288022279739379883e+00 3.524341344833374023e+00 -1.807489991188049316e-02 -3.967396449297666550e-03 -1.272201240062713623e-01 -1.232135966420173645e-01
2.392041683197021484e+00 9.895135164260864258e-01 3.465145826339721680e+00 9.170673489570617676e-01 -1.438520699739456177e-01 1.206885433197021484e+01 2.305501461029052734e+00 3.527689456939697266e+00 -1.826545596122741699e-02 -4.082582425326108932e-03 -1.274835914373397827e-01 -1.233678013086318970e-01
2.389402627944946289e+00 9.696011543273925781e-01 3.454131364822387695e+00 9.225241541862487793e-01 -1.440818309783935547e-01 1.209428596496582031e+01 2.323173999786376953e+00 3.531203746795654297e+00 -1.845801062881946564e-02 -4.198535811156034470e-03 -1.277519911527633667e-01 -1.235264763236045837e-01
2.386775732040405273e+00 9.497456550598144531e-01 3.443151712417602539e+00 9.279727339744567871e-01 -1.443120092153549194e-01 1.211973476409912109e+01 2.340829610824584961e+00 3.534746170043945312e+00 -1.865034364163875580e-02 -4.314246121793985367e-03 -1.280206441879272461e-01 -1.236856877803802490e-01
2.384137153625488281e+00 9.298323392868041992e-01 3.432137012481689453e+00 9.334295392036437988e-01 -1.445417553186416626e-01 1.214516544342041016e+01 2.358502864837646484e+00 3.538260459899902344e+00 -1.884289644658565521e-02 -4.430205095559358597e-03 -1.282890588045120239e-01 -1.238443627953529358e-01
2.381684541702270508e+00 9.100221395492553711e-01 3.421206235885620117e+00 9.386764168739318848e-01 -1.447600126266479492e-01 1.216985702514648438e+01 2.375686407089233398e+00 3.541293621063232422e+00 -1.903088204562664032e-02 -4.546784795820713043e-03 -1.285458207130432129e-01 -1.239938810467720032e-01
2.379440307617187500e+00 8.902094364166259766e-01 3.410302162170410156e+00 9.436737895011901855e-01 -1.449627429246902466e-01 1.219357109069824219e+01 2.392291784286499023e+00 3.543653964996337891e+00 -1.921359449625015259e-02 -4.664714913815259933e-03 -1.287873387336730957e-01 -1.241306215524673462e-01
2.377208948135375977e+00 8.704550266265869141e-01 3.399432420730590820e+00 9.486633539199829102e-01 -1.451658755540847778e-01 1.221730041503906250e+01 2.408877849578857422e+00 3.546041965484619141e+00 -1.939606294035911560e-02 -4.782404284924268723e-03 -1.290290355682373047e-01 -1.242678314447402954e-01
2.372761964797973633e+00 8.511275649070739746e-01 3.391354560852050781e+00 9.536892175674438477e-01 -1.453702300786972046e-01 1.224139213562011719e+01 2.422863960266113281e+00 3.549647331237792969e+00 -1.957014016807079315e-02 -4.883349407464265823e-03 -1.293171793222427368e-01 -1.244755908846855164e-01
2.367210626602172852e+00 8.321051597595214844e-01 3.384745836257934570e+00 9.587211012840270996e-01 -1.455758363008499146e-01 1.226569175720214844e+01 2.435501098632812500e+00 3.553911685943603516e+00 -1.973958685994148254e-02 -4.975428339093923569e-03 -1.296291500329971313e-01 -1.247199028730392456e-01
2.361636400222778320e+00 8.130892515182495117e-01 3.378114223480224609e+00 9.637182354927062988e-01 -1.457763314247131348e-01 1.228955650329589844e+01 2.447998285293579102e+00 3.558002948760986328e+00 -1.990752853453159332e-02 -5.067009013146162033e-03 -1.299363821744918823e-01 -1.249594017863273621e-01
2.356063604354858398e+00 7.940101027488708496e-01 3.371481180191040039e+00 9.687584042549133301e-01 -1.459815204143524170e-01 1.231384181976318359e+01 2.460645437240600586e+00 3.562245130538940430e+00 -2.007718570530414581e-02 -5.159269087016582489e-03 -1.302483528852462769e-01 -1.252034604549407959e-01
2.350512266159057617e+00 7.749871015548706055e-01 3.364872455596923828e+00 9.737905263900756836e-01 -1.461871266365051270e-01 1.233814239501953125e+01 2.473282575607299805e+00 3.566508769989013672e+00 -2.024663612246513367e-02 -5.251352209597826004e-03 -1.305603235960006714e-01 -1.254477649927139282e-01
2.345047473907470703e+00 7.571864128112792969e-01 3.358268737792968750e+00 9.793151021003723145e-01 -1.463994979858398438e-01 1.236203575134277344e+01 2.485305070877075195e+00 3.570985078811645508e+00 -2.041081897914409637e-02 -5.337153561413288116e-03 -1.308748573064804077e-01 -1.257039159536361694e-01
2.339375495910644531e+00 7.399728298187255859e-01 3.351316928863525391e+00 9.855180382728576660e-01 -1.466136425733566284e-01 1.238526153564453125e+01 2.496767997741699219e+00 3.575387239456176758e+00 -2.057196013629436493e-02 -5.418336484581232071e-03 -1.311919540166854858e-01 -1.259702593088150024e-01
2.333914279937744141e+00 7.232586741447448730e-01 3.344613075256347656e+00 9.916114211082458496e-01 -1.468316018581390381e-01 1.240865421295166016e+01 2.508165836334228516e+00 3.580000877380371094e+00 -2.073131129145622253e-02 -5.498083308339118958e-03 -1.315091550350189209e-01 -1.262383013963699341e-01
2.328241825103759766e+00 7.060447931289672852e-01 3.337661027908325195e+00 9.978141188621520996e-01 -1.470457315444946289e-01 1.243187904357910156e+01 2.519628524780273438e+00 3.584402084350585938e+00 -2.089245244860649109e-02 -5.579265300184488297e-03 -1.318262666463851929e-01 -1.265046596527099609e-01
2.322781085968017578e+00 6.893310546875000000e-01 3.330957889556884766e+00 1.003907918930053711e+00 -1.472636908292770386e-01 1.245527267456054688e+01 2.531026601791381836e+00 3.589015960693359375e+00 -2.105180174112319946e-02 -5.659008398652076721e-03 -1.321434527635574341e-01 -1.267727166414260864e-01
2.317108869552612305e+00 6.721172928810119629e-01 3.324006080627441406e+00 1.010110616683959961e+00 -1.474778354167938232e-01 1.247849845886230469e+01 2.542489528656005859e+00 3.593418121337890625e+00 -2.121294476091861725e-02 -5.740193650126457214e-03 -1.324605792760848999e-01 -1.270390599966049194e-01
2.311625480651855469e+00 6.554062366485595703e-01 3.317280292510986328e+00 1.016167163848876953e+00 -1.476906687021255493e-01 1.250146007537841797e+01 2.553749561309814453e+00 3.597857952117919922e+00 -2.137079648673534393e-02 -5.819457117468118668e-03 -1.327729821205139160e-01 -1.273022741079330444e-01
2.308340311050415039e+00 6.430758237838745117e-01 3.313618421554565430e+00 1.021638989448547363e+00 -1.479328572750091553e-01 1.252572250366210938e+01 2.563534736633300781e+00 3.603229045867919922e+00 -2.150305919349193573e-02 -5.880091805011034012e-03 -1.330828070640563965e-01 -1.275769919157028198e-01
2.305517673492431641e+00 6.317613720893859863e-01 3.310553073883056641e+00 1.026924610137939453e+00 -1.481818258762359619e-01 1.255026435852050781e+01 2.573076963424682617e+00 3.608913421630859375e+00 -2.163046225905418396e-02 -5.937117617577314377e-03 -1.333919465541839600e-01 -1.278542727231979370e-01
2.302695512771606445e+00 6.204467415809631348e-01 3.307487726211547852e+00 1.032209634780883789e+00 -1.484307944774627686e-01 1.257480621337890625e+01 2.582619667053222656e+00 3.614598274230957031e+00 -2.175787836313247681e-02 -5.994142964482307434e-03 -1.337010711431503296e-01 -1.281315684318542480e-01
2.299724340438842773e+00 6.087592840194702148e-01 3.304259300231933594e+00 1.037585854530334473e+00 -1.486766934394836426e-01 1.259920597076416016e+01 2.592184305191040039e+00 3.620096683502197266e+00 -2.188633941113948822e-02 -6.052071694284677505e-03 -1.340099275112152100e-01 -1.284073740243911743e-01
2.296902656555175781e+00 5.974451899528503418e-01 3.301194429397583008e+00 1.042871117591857910e+00 -1.489256471395492554e-01 1.262374687194824219e+01 2.601726293563842773e+00 3.625780820846557617e+00 -2.201374061405658722e-02 -6.109097506850957870e-03 -1.343190521001815796e-01 -1.286846548318862915e-01
2.293931484222412109e+00 5.857579708099365234e-01 3.297966241836547852e+00 1.048246860504150391e+00 -1.491715461015701294e-01 1.264814662933349609e+01 2.611290454864501953e+00 3.631279468536376953e+00 -2.214220166206359863e-02 -6.167022511363029480e-03 -1.346279084682464600e-01 -1.289604753255844116e-01
2.291109323501586914e+00 5.744435787200927734e-01 3.294900894165039062e+00 1.053532600402832031e+00 -1.494205147027969360e-01 1.267268943786621094e+01 2.620833396911621094e+00 3.636964321136474609e+00 -2.226961031556129456e-02 -6.224051117897033691e-03 -1.349370330572128296e-01 -1.292377710342407227e-01
2.288138389587402344e+00 5.627567768096923828e-01 3.291672468185424805e+00 1.058908104896545410e+00 -1.496663987636566162e-01 1.269708919525146484e+01 2.630397081375122070e+00 3.642462730407714844e+00 -2.239807136356830597e-02 -6.281978916376829147e-03 -1.352459043264389038e-01 -1.295135766267776489e-01
2.285284757614135742e+00 5.514274835586547852e-01 3.288572788238525391e+00 1.064159393310546875e+00 -1.499101370573043823e-01 1.272119426727294922e+01 2.639808177947998047e+00 3.647970199584960938e+00 -2.252408862113952637e-02 -6.338594481348991394e-03 -1.355502903461456299e-01 -1.297859996557235718e-01
2.282313585281372070e+00 5.397408008575439453e-01 3.285344362258911133e+00 1.069535136222839355e+00 -1.501560211181640625e-01 1.274559307098388672e+01 2.649372100830078125e+00 3.653468608856201172e+00 -2.265254594385623932e-02 -6.396519485861063004e-03 -1.358591467142105103e-01 -1.300618201494216919e-01
2.279491901397705078e+00 5.284261703491210938e-01 3.282279014587402344e+00 1.074820399284362793e+00 -1.504050046205520630e-01 1.277013587951660156e+01 2.658914804458618164e+00 3.659153461456298828e+00 -2.277995459735393524e-02 -6.453549489378929138e-03 -1.361682713031768799e-01 -1.303391307592391968e-01
2.276669740676879883e+00 5.171119570732116699e-01 3.279213666915893555e+00 1.080105900764465332e+00 -1.506539732217788696e-01 1.279467773437500000e+01 2.668457508087158203e+00 3.664838075637817383e+00 -2.290736883878707886e-02 -6.510575767606496811e-03 -1.364774107933044434e-01 -1.306163966655731201e-01
2.273699045181274414e+00 5.054248571395874023e-01 3.275985240936279297e+00 1.085481643676757812e+00 -1.508998721837997437e-01 1.281907653808593750e+01 2.678021430969238281e+00 3.670337200164794922e+00 -2.303582616150379181e-02 -6.568500306457281113e-03 -1.367862671613693237e-01 -1.308922171592712402e-01
2.270876646041870117e+00 4.941098690032958984e-01 3.272919893264770508e+00 1.090767383575439453e+00 -1.511488407850265503e-01 1.284362030029296875e+01 2.687563896179199219e+00 3.676021337509155273e+00 -2.316323854029178619e-02 -6.625528912991285324e-03 -1.370954066514968872e-01 -1.311694979667663574e-01
2.267905473709106445e+00 4.824230670928955078e-01 3.269691467285156250e+00 1.096143007278442383e+00 -1.513947099447250366e-01 1.286801815032958984e+01 2.697128057479858398e+00 3.681519508361816406e+00 -2.329168654978275299e-02 -6.683457177132368088e-03 -1.374042481184005737e-01 -1.314453035593032837e-01
2.265083074569702148e+00 4.711091518402099609e-01 3.266626358032226562e+00 1.101428389549255371e+00 -1.516437083482742310e-01 1.289256000518798828e+01 2.706670522689819336e+00 3.687204360961914062e+00 -2.341909892857074738e-02 -6.740480661392211914e-03 -1.377133876085281372e-01 -1.317225843667984009e-01
2.262112140655517578e+00 4.594216346740722656e-01 3.263397932052612305e+00 1.106804251670837402e+00 -1.518895775079727173e-01 1.291695976257324219e+01 2.716235160827636719e+00 3.692703008651733398e+00 -2.354755811393260956e-02 -6.798407994210720062e-03 -1.380222439765930176e-01 -1.319984048604965210e-01
2.259258747100830078e+00 4.480922818183898926e-01 3.260297775268554688e+00 1.112055182456970215e+00 -1.521333158016204834e-01 1.294106483459472656e+01 2.725645780563354492e+00 3.698211193084716797e+00 -2.367358095943927765e-02 -6.855026818811893463e-03 -1.383266150951385498e-01 -1.322708278894424438e-01
2.256287813186645508e+00 4.364055395126342773e-01 3.257070302963256836e+00 1.117431044578552246e+00 -1.523792296648025513e-01 1.296546649932861328e+01 2.735209465026855469e+00 3.703709363937377930e+00 -2.380203455686569214e-02 -6.912949495017528534e-03 -1.386355012655258179e-01 -1.325466632843017578e-01
2.253465890884399414e+00 4.250910282135009766e-01 3.254004716873168945e+00 1.122716546058654785e+00 -1.526281833648681641e-01 1.299000644683837891e+01 2.744752407073974609e+00 3.709394454956054688e+00 -2.392944693565368652e-02 -6.969980429857969284e-03 -1.389446258544921875e-01 -1.328239440917968750e-01
2.250643491744995117e+00 4.137767553329467773e-01 3.250939369201660156e+00 1.128001689910888672e+00 -1.528771668672561646e-01 1.301454925537109375e+01 2.754294872283935547e+00 3.715078830718994141e+00 -2.405686117708683014e-02 -7.027004379779100418e-03 -1.392537653446197510e-01 -1.331012248992919922e-01
2.247672319412231445e+00 4.020893573760986328e-01 3.247710704803466797e+00 1.133377552032470703e+00 -1.531230360269546509e-01 1.303894805908203125e+01 2.763858795166015625e+00 3.720576763153076172e+00 -2.418530918657779694e-02 -7.084933575242757797e-03 -1.395626068115234375e-01 -1.333770304918289185e-01
2.244850397109985352e+00 3.907749652862548828e-01 3.244645595550537109e+00 1.138663172721862793e+00 -1.533720195293426514e-01 1.306349086761474609e+01 2.773401975631713867e+00 3.726261854171752930e+00 -2.431272156536579132e-02 -7.141961250454187393e-03 -1.398717314004898071e-01 -1.336543112993240356e-01
2.241879224777221680e+00 3.790878057479858398e-01 3.241416931152343750e+00 1.144039154052734375e+00 -1.536179035902023315e-01 1.308788967132568359e+01 2.782965898513793945e+00 3.731760025024414062e+00 -2.444117888808250427e-02 -7.199888117611408234e-03 -1.401805877685546875e-01 -1.339301317930221558e-01
2.239057302474975586e+00 3.677736520767211914e-01 3.238352060317993164e+00 1.149324297904968262e+00 -1.538668721914291382e-01 1.311243057250976562e+01 2.792508125305175781e+00 3.737444400787353516e+00 -2.456858381628990173e-02 -7.256908342242240906e-03 -1.404897123575210571e-01 -1.342074126005172729e-01
2.236086368560791016e+00 3.560866117477416992e-01 3.235123634338378906e+00 1.154699921607971191e+00 -1.541127562522888184e-01 1.313683128356933594e+01 2.802072286605834961e+00 3.742942810058593750e+00 -2.469704113900661469e-02 -7.314840797334909439e-03 -1.407985687255859375e-01 -1.344832330942153931e-01
2.233233213424682617e+00 3.447573184967041016e-01 3.232023715972900391e+00 1.159951448440551758e+00 -1.543565094470977783e-01 1.316093826293945312e+01 2.811483383178710938e+00 3.748451709747314453e+00 -2.482306584715843201e-02 -7.371462881565093994e-03 -1.411029845476150513e-01 -1.347556710243225098e-01
2.230261802673339844e+00 3.330699205398559570e-01 3.228794574737548828e+00 1.165327548980712891e+00 -1.546023935079574585e-01 1.318533515930175781e+01 2.821047782897949219e+00 3.753949880599975586e+00 -2.495152503252029419e-02 -7.429387886077165604e-03 -1.414118409156799316e-01 -1.350314766168594360e-01
2.227439403533935547e+00 3.217555284500122070e-01 3.225729703903198242e+00 1.170612573623657227e+00 -1.548513472080230713e-01 1.320987701416015625e+01 2.830589771270751953e+00 3.759633779525756836e+00 -2.507893554866313934e-02 -7.486412767320871353e-03 -1.417209506034851074e-01 -1.353087425231933594e-01
2.224617719650268555e+00 3.104412555694580078e-01 3.222664117813110352e+00 1.175897955894470215e+00 -1.551003307104110718e-01 1.323441982269287109e+01 2.840132236480712891e+00 3.765319347381591797e+00 -2.520634606480598450e-02 -7.543435320258140564e-03 -1.420300900936126709e-01 -1.355860531330108643e-01
2.221646785736083984e+00 2.987539768218994141e-01 3.219436645507812500e+00 1.181273937225341797e+00 -1.553462296724319458e-01 1.325881958007812500e+01 2.849696636199951172e+00 3.770817041397094727e+00 -2.533480338752269745e-02 -7.601367775350809097e-03 -1.423389464616775513e-01 -1.358618587255477905e-01
2.218824625015258789e+00 2.874397039413452148e-01 3.216370820999145508e+00 1.186559200286865234e+00 -1.555951982736587524e-01 1.328336143493652344e+01 2.859239578247070312e+00 3.776501655578613281e+00 -2.546221762895584106e-02 -7.658392656594514847e-03 -1.426480859518051147e-01 -1.361391544342041016e-01
2.215853452682495117e+00 2.757530212402343750e-01 3.213142633438110352e+00 1.191935062408447266e+00 -1.558411121368408203e-01 1.330776214599609375e+01 2.868803501129150391e+00 3.782000780105590820e+00 -2.559066936373710632e-02 -7.716319523751735687e-03 -1.429569572210311890e-01 -1.364149749279022217e-01
2.213031291961669922e+00 2.644380331039428711e-01 3.210076808929443359e+00 1.197220325469970703e+00 -1.560900509357452393e-01 1.333230209350585938e+01 2.878345489501953125e+00 3.787684917449951172e+00 -2.571807615458965302e-02 -7.773344870656728745e-03 -1.432660669088363647e-01 -1.366922408342361450e-01
2.210059881210327148e+00 2.527511119842529297e-01 3.206848621368408203e+00 1.202596545219421387e+00 -1.563359647989273071e-01 1.335670185089111328e+01 2.887909889221191406e+00 3.793183803558349609e+00 -2.584653347730636597e-02 -7.831272669136524200e-03 -1.435749381780624390e-01 -1.369680613279342651e-01
2.207206726074218750e+00 2.414222955703735352e-01 3.203748703002929688e+00 1.207847833633422852e+00 -1.565796881914138794e-01 1.338080787658691406e+01 2.897321224212646484e+00 3.798691511154174805e+00 -2.597256191074848175e-02 -7.887888699769973755e-03 -1.438793092966079712e-01 -1.372404992580413818e-01
2.204236268997192383e+00 2.297353744506835938e-01 3.200520753860473633e+00 1.213223576545715332e+00 -1.568256020545959473e-01 1.340520858764648438e+01 2.906885147094726562e+00 3.804190397262573242e+00 -2.610101178288459778e-02 -7.945821620523929596e-03 -1.441881954669952393e-01 -1.375163197517395020e-01
2.201413869857788086e+00 2.184205055236816406e-01 3.197455644607543945e+00 1.218508720397949219e+00 -1.570745557546615601e-01 1.342974853515625000e+01 2.916427373886108398e+00 3.809874534606933594e+00 -2.622842229902744293e-02 -8.002842776477336884e-03 -1.444973051548004150e-01 -1.377936005592346191e-01
2.198585748672485352e+00 2.071248292922973633e-01 3.194416046142578125e+00 1.223735094070434570e+00 -1.573317050933837891e-01 1.345501899719238281e+01 2.926136970520019531e+00 3.815776109695434570e+00 -2.635871805250644684e-02 -8.059995248913764954e-03 -1.448135823011398315e-01 -1.380785107612609863e-01
2.195571660995483398e+00 1.955718994140625000e-01 3.191372156143188477e+00 1.228687167167663574e+00 -1.576366722583770752e-01 1.348467540740966797e+01 2.936907291412353516e+00 3.822840690612792969e+00 -2.650799974799156189e-02 -8.118837140500545502e-03 -1.451739817857742310e-01 -1.384094804525375366e-01
2.192706346511840820e+00 1.843924522399902344e-01 3.188492536544799805e+00 1.233546614646911621e+00 -1.579450070858001709e-01 1.351450157165527344e+01 2.947661876678466797e+00 3.830099582672119141e+00 -2.665634080767631531e-02 -8.176780305802822113e-03 -1.455349028110504150e-01 -1.387421935796737671e-01
2.189692020416259766e+00 1.728397607803344727e-01 3.185449123382568359e+00 1.238498449325561523e+00 -1.582499742507934570e-01 1.354415798187255859e+01 2.958432435989379883e+00 3.837163925170898438e+00 -2.680561877787113190e-02 -8.235614746809005737e-03 -1.458953022956848145e-01 -1.390731483697891235e-01
2.186826944351196289e+00 1.616603136062622070e-01 3.182569980621337891e+00 1.243357777595520020e+00 -1.585583090782165527e-01 1.357398223876953125e+01 2.969186782836914062e+00 3.844423055648803711e+00 -2.695395611226558685e-02 -8.293557912111282349e-03 -1.462562382221221924e-01 -1.394058316946029663e-01
2.183812379837036133e+00 1.501073837280273438e-01 3.179525375366210938e+00 1.248309731483459473e+00 -1.588632613420486450e-01 1.360363769531250000e+01 2.979956865310668945e+00 3.851487159729003906e+00 -2.710323594510555267e-02 -8.352400735020637512e-03 -1.466166228055953979e-01 -1.397367864847183228e-01
2.181216478347778320e+00 1.397266387939453125e-01 3.176881313323974609e+00 1.253283619880676270e+00 -1.591732800006866455e-01 1.363323593139648438e+01 2.990551471710205078e+00 3.859049797058105469e+00 -2.724616229534149170e-02 -8.408272638916969299e-03 -1.469752788543701172e-01 -1.400706470012664795e-01
2.179200410842895508e+00 1.308867931365966797e-01 3.174744606018066406e+00 1.258706688880920410e+00 -1.595046818256378174e-01 1.366389656066894531e+01 3.001297950744628906e+00 3.867805004119873047e+00 -2.738327905535697937e-02 -8.461664430797100067e-03 -1.473469287157058716e-01 -1.404248178005218506e-01
2.177281618118286133e+00 1.222828626632690430e-01 3.172725439071655273e+00 1.264012813568115234e+00 -1.598380655050277710e-01 1.369467163085937500e+01 3.012030124664306641e+00 3.876666784286499023e+00 -2.752004563808441162e-02 -8.514419198036193848e-03 -1.477185040712356567e-01 -1.407795250415802002e-01
2.175265550613403320e+00 1.134431362152099609e-01 3.170589447021484375e+00 1.269436001777648926e+00 -1.601694822311401367e-01 1.372533130645751953e+01 3.022776126861572266e+00 3.885421752929687500e+00 -2.765716053545475006e-02 -8.567797020077705383e-03 -1.480901539325714111e-01 -1.411336809396743774e-01
2.173347473144531250e+00 1.048393249511718750e-01 3.168570995330810547e+00 1.274742245674133301e+00 -1.605029106140136719e-01 1.375610923767089844e+01 3.033508300781250000e+00 3.894283771514892578e+00 -2.779393084347248077e-02 -8.620558306574821472e-03 -1.484617441892623901e-01 -1.414884179830551147e-01
2.171428680419921875e+00 9.623563289642333984e-02 3.166552066802978516e+00 1.280048727989196777e+00 -1.608363240957260132e-01 1.378688430786132812e+01 3.044240236282348633e+00 3.903146266937255859e+00 -2.793071232736110687e-02 -8.673317730426788330e-03 -1.488333344459533691e-01 -1.418431103229522705e-01
2.169412851333618164e+00 8.739602565765380859e-02 3.164416074752807617e+00 1.285471558570861816e+00 -1.611677110195159912e-01 1.381754302978515625e+01 3.054986476898193359e+00 3.911900997161865234e+00 -2.806781418621540070e-02 -8.726697415113449097e-03 -1.492049545049667358e-01 -1.421972662210464478e-01
2.167494297027587891e+00 7.879197597503662109e-02 3.162396907806396484e+00 1.290777802467346191e+00 -1.615011394023895264e-01 1.384832000732421875e+01 3.065719127655029297e+00 3.920763492584228516e+00 -2.820459380745887756e-02 -8.779452182352542877e-03 -1.495765596628189087e-01 -1.425520032644271851e-01
2.165477991104125977e+00 6.995260715484619141e-02 3.160260438919067383e+00 1.296200752258300781e+00 -1.618325263261795044e-01 1.387897872924804688e+01 3.076465129852294922e+00 3.929518222808837891e+00 -2.834169752895832062e-02 -8.832835592329502106e-03 -1.499481797218322754e-01 -1.429061591625213623e-01
2.163540124893188477e+00 6.136095523834228516e-02 3.158213615417480469e+00 1.301485061645507812e+00 -1.621599793434143066e-01 1.390923690795898438e+01 3.087043523788452148e+00 3.938195705413818359e+00 -2.847659774124622345e-02 -8.885112591087818146e-03 -1.503142565488815308e-01 -1.432553231716156006e-01
2.161523342132568359e+00 5.252158641815185547e-02 3.156077384948730469e+00 1.306908011436462402e+00 -1.624913811683654785e-01 1.393989753723144531e+01 3.097790241241455078e+00 3.946949958801269531e+00 -2.861369960010051727e-02 -8.938488550484180450e-03 -1.506858915090560913e-01 -1.436094790697097778e-01
2.159605026245117188e+00 4.391717910766601562e-02 3.154058456420898438e+00 1.312214493751525879e+00 -1.628247797489166260e-01 1.397067451477050781e+01 3.108522415161132812e+00 3.955811977386474609e+00 -2.875048853456974030e-02 -8.991251699626445770e-03 -1.510574817657470703e-01 -1.439642012119293213e-01
