4.803138732910156250e+00 1.481877517700195312e+01 -6.876254081726074219e-02 -3.213973483070731163e-03 -4.863930493593215942e-02 -6.766754202544689178e-03 -9.823479503393173218e-02 -2.190687954425811768e-01 2.668948745727539062e+01 -9.786851704120635986e-03 2.983154869079589844e+01 -3.409780859947204590e-01
4.700326442718505859e+00 1.464890003204345703e+01 -6.794787198305130005e-02 -1.624385127797722816e-03 -4.682371020317077637e-02 -6.526118144392967224e-03 -9.571475535631179810e-02 -2.138478606939315796e-01 2.614574241638183594e+01 -8.682134561240673065e-03 2.913800811767578125e+01 -3.312760591506958008e-01
4.589216232299804688e+00 1.449551486968994141e+01 -6.715799868106842041e-02 5.813896656036376953e-02 -4.469620063900947571e-02 -6.609750911593437195e-03 -9.318964928388595581e-02 -2.088453769683837891e-01 2.559018707275390625e+01 -7.634246721863746643e-03 2.847029304504394531e+01 -3.216208815574645996e-01
4.474893569946289062e+00 1.434253215789794922e+01 -6.639457494020462036e-02 2.857679128646850586e-01 -4.252158477902412415e-02 -6.732498295605182648e-03 -9.065082669258117676e-02 -2.038399130105972290e-01 2.503179168701171875e+01 -6.538608577102422714e-03 2.780866622924804688e+01 -3.119282126426696777e-01
4.355124473571777344e+00 1.419239139556884766e+01 -6.568734347820281982e-02 5.294665694236755371e-01 -4.023646190762519836e-02 -6.928244605660438538e-03 -8.809004724025726318e-02 -1.988208144903182983e-01 2.446500587463378906e+01 -5.364444572478532791e-03 2.715339851379394531e+01 -3.021147549152374268e-01
4.234957218170166016e+00 1.404950809478759766e+01 -6.509867310523986816e-02 7.866634726524353027e-01 -3.785228729248046875e-02 -7.218066137284040451e-03 -8.561708033084869385e-02 -1.939406692981719971e-01 2.388901710510253906e+01 -4.221247043460607529e-03 2.651043128967285156e+01 -2.924001812934875488e-01
4.075587749481201172e+00 1.392774772644042969e+01 -6.436922401189804077e-02 1.139132499694824219e+00 -3.489688038825988770e-02 -7.829922251403331757e-03 -8.327697217464447021e-02 -1.888150125741958618e-01 2.329037857055664062e+01 -2.743223449215292931e-03 2.593416404724121094e+01 -2.820097804069519043e-01
3.864120244979858398e+00 1.384014225006103516e+01 -6.267247349023818970e-02 1.615832567214965820e+00 -3.094961866736412048e-02 -8.535659871995449066e-03 -8.132537454366683960e-02 -1.829383969306945801e-01 2.267498016357421875e+01 -1.205151900649070740e-03 2.543004417419433594e+01 -2.704017758369445801e-01
3.607648134231567383e+00 1.378839874267578125e+01 -6.064149737358093262e-02 2.290831804275512695e+00 -2.758298069238662720e-02 -9.476226754486560822e-03 -7.813882827758789062e-02 -1.759597957134246826e-01 2.209329032897949219e+01 -3.181298961862921715e-05 2.480914878845214844e+01 -2.571069002151489258e-01
3.355777978897094727e+00 1.373113059997558594e+01 -5.868621543049812317e-02 2.963340044021606445e+00 -2.415692061185836792e-02 -1.042456459254026413e-02 -7.486736774444580078e-02 -1.691557914018630981e-01 2.150528335571289062e+01 9.380785375833511353e-02 2.418367576599121094e+01 -2.441496402025222778e-01
3.137119770050048828e+00 1.368870830535888672e+01 -5.694076046347618103e-02 3.540265321731567383e+00 -2.114139311015605927e-02 -1.114211883395910263e-02 -7.185399532318115234e-02 -1.629905402660369873e-01 2.102501678466796875e+01 2.324115484952926636e-01 2.362373352050781250e+01 -2.322205454111099243e-01
3.005959272384643555e+00 1.360773754119873047e+01 -5.583017319440841675e-02 3.847486972808837891e+00 -1.965477690100669861e-02 -1.143958885222673416e-02 -6.945427507162094116e-02 -1.584737598896026611e-01 2.067315292358398438e+01 3.543106615543365479e-01 2.312465095520019531e+01 -2.235697656869888306e-01
2.895253658294677734e+00 1.350195312500000000e+01 -5.484279990196228027e-02 4.082292079925537109e+00 -1.859669387340545654e-02 -1.162995863705873489e-02 -6.704246997833251953e-02 -1.541800796985626221e-01 2.033475875854492188e+01 4.811502993106842041e-01 2.260258483886718750e+01 -2.153821140527725220e-01
2.795598745346069336e+00 1.338560009002685547e+01 -5.393017083406448364e-02 4.273396968841552734e+00 -1.774919219315052032e-02 -1.173887308686971664e-02 -6.473322212696075439e-02 -1.500861197710037231e-01 2.001026535034179688e+01 6.051012873649597168e-01 2.208856391906738281e+01 -2.076521962881088257e-01
2.698833703994750977e+00 1.324494171142578125e+01 -5.291488021612167358e-02 4.426106929779052734e+00 -1.722872443497180939e-02 -1.164443325251340866e-02 -6.232631579041481018e-02 -1.455810517072677612e-01 1.966972160339355469e+01 7.370144724845886230e-01 2.149687004089355469e+01 -1.993316560983657837e-01
2.631450414657592773e+00 1.307627964019775391e+01 -5.176486074924468994e-02 4.475337028503417969e+00 -1.719375327229499817e-02 -1.136764604598283768e-02 -6.011060625314712524e-02 -1.412547528743743896e-01 1.936244583129882812e+01 8.655874133110046387e-01 2.091202163696289062e+01 -1.916974335908889771e-01
2.575544118881225586e+00 1.289031124114990234e+01 -5.072622001171112061e-02 4.458856582641601562e+00 -1.733757741749286652e-02 -1.097499486058950424e-02 -5.812571942806243896e-02 -1.372293531894683838e-01 1.907497978210449219e+01 9.870936274528503418e-01 2.037784385681152344e+01 -1.849271506071090698e-01
2.525377035140991211e+00 1.271140003204345703e+01 -4.964723438024520874e-02 4.438158035278320312e+00 -1.757508888840675354e-02 -1.060271076858043671e-02 -5.619878694415092468e-02 -1.334041059017181396e-01 1.881546020507812500e+01 1.109961390495300293e+00 1.985638427734375000e+01 -1.784260272979736328e-01
2.470827102661132812e+00 1.253368282318115234e+01 -4.868541657924652100e-02 4.414275169372558594e+00 -1.758445054292678833e-02 -1.022615097463130951e-02 -5.426543578505516052e-02 -1.295887380838394165e-01 1.854903030395507812e+01 1.253811001777648926e+00 1.936537551879882812e+01 -1.719158142805099487e-01
2.412103652954101562e+00 1.236475658416748047e+01 -4.807094484567642212e-02 4.387785911560058594e+00 -1.700913719832897186e-02 -9.882050566375255585e-03 -5.226344615221023560e-02 -1.258177906274795532e-01 1.825608253479003906e+01 1.445306420326232910e+00 1.893499755859375000e+01 -1.653138846158981323e-01
2.368383169174194336e+00 1.219271755218505859e+01 -4.734590277075767517e-02 4.336337089538574219e+00 -1.631927676498889923e-02 -9.570024907588958740e-03 -5.040402710437774658e-02 -1.221870034933090210e-01 1.795634078979492188e+01 1.639651656150817871e+00 1.850480079650878906e+01 -1.588249504566192627e-01
2.325031995773315430e+00 1.201662349700927734e+01 -4.660948738455772400e-02 4.280167102813720703e+00 -1.564417965710163116e-02 -9.278642013669013977e-03 -4.868865758180618286e-02 -1.187487840652465820e-01 1.765670013427734375e+01 1.812240958213806152e+00 1.809537506103515625e+01 -1.527830958366394043e-01
2.283807516098022461e+00 1.184761333465576172e+01 -4.590732604265213013e-02 4.222046375274658203e+00 -1.495346706360578537e-02 -9.041293524205684662e-03 -4.720215871930122375e-02 -1.156772673130035400e-01 1.737580490112304688e+01 1.966765284538269043e+00 1.773714447021484375e+01 -1.474378257989883423e-01
2.237464904785156250e+00 1.168876552581787109e+01 -4.512024670839309692e-02 4.165332794189453125e+00 -1.416883431375026703e-02 -8.780842646956443787e-03 -4.589746519923210144e-02 -1.128165870904922485e-01 1.713375854492187500e+01 2.140939474105834961e+00 1.741722869873046875e+01 -1.423029601573944092e-01
2.189234256744384766e+00 1.153874588012695312e+01 -4.434362426400184631e-02 4.103081226348876953e+00 -1.332373823970556259e-02 -8.518134243786334991e-03 -4.485018178820610046e-02 -1.102761700749397278e-01 1.692321777343750000e+01 2.317729949951171875e+00 1.715291023254394531e+01 -1.377014666795730591e-01
2.140538930892944336e+00 1.139041805267333984e+01 -4.384150728583335876e-02 4.002679824829101562e+00 -1.245823595672845840e-02 -8.194347843527793884e-03 -4.420099034905433655e-02 -1.082026436924934387e-01 1.674227333068847656e+01 2.498083829879760742e+00 1.698859024047851562e+01 -1.341064423322677612e-01
2.087545633316040039e+00 1.124201297760009766e+01 -4.337460920214653015e-02 3.884394407272338867e+00 -1.145485416054725647e-02 -7.856741547584533691e-03 -4.385713115334510803e-02 -1.062638163566589355e-01 1.657234954833984375e+01 2.693780183792114258e+00 1.688156509399414062e+01 -1.307865828275680542e-01
2.032902240753173828e+00 1.109072780609130859e+01 -4.291176050901412964e-02 3.761542320251464844e+00 -1.039862167090177536e-02 -7.513557560741901398e-03 -4.353757202625274658e-02 -1.043071448802947998e-01 1.639990615844726562e+01 2.895541429519653320e+00 1.678323364257812500e+01 -1.274547129869461060e-01
1.981582164764404297e+00 1.093822383880615234e+01 -4.243391007184982300e-02 3.645272731781005859e+00 -9.419374167919158936e-03 -7.207575719803571701e-03 -4.320816323161125183e-02 -1.024347022175788879e-01 1.621942520141601562e+01 3.068975210189819336e+00 1.667557907104492188e+01 -1.243521198630332947e-01
1.926375150680541992e+00 1.078498554229736328e+01 -4.195298999547958374e-02 3.537641286849975586e+00 -8.433355949819087982e-03 -6.913486402481794357e-03 -4.282610863447189331e-02 -1.005069538950920105e-01 1.603623580932617188e+01 3.239598512649536133e+00 1.656858253479003906e+01 -1.212077811360359192e-01
1.862251520156860352e+00 1.063355922698974609e+01 -4.148946702480316162e-02 3.447189569473266602e+00 -7.400696165859699249e-03 -6.642414256930351257e-03 -4.235812276601791382e-02 -9.847981482744216919e-02 1.585418033599853516e+01 3.413910388946533203e+00 1.647420310974121094e+01 -1.179685667157173157e-01
1.797220706939697266e+00 1.048155879974365234e+01 -4.101904481649398804e-02 3.356337547302246094e+00 -6.349298637360334396e-03 -6.373690441250801086e-03 -4.189927875995635986e-02 -9.646055847406387329e-02 1.567328071594238281e+01 3.590198278427124023e+00 1.638473701477050781e+01 -1.147470697760581970e-01
1.743759393692016602e+00 1.034260082244873047e+01 -4.083246737718582153e-02 3.246810197830200195e+00 -5.349106620997190475e-03 -6.124239880591630936e-03 -4.164196923375129700e-02 -9.480167925357818604e-02 1.550721263885498047e+01 3.757456064224243164e+00 1.634235954284667969e+01 -1.121754348278045654e-01
1.685767889022827148e+00 1.018967533111572266e+01 -4.064225032925605774e-02 3.150039911270141602e+00 -4.486138466745615005e-03 -5.982168950140476227e-03 -4.135578870773315430e-02 -9.318714588880538940e-02 1.532107734680175781e+01 3.906597852706909180e+00 1.629653167724609375e+01 -1.097654402256011963e-01
1.626962423324584961e+00 9.994752883911132812e+00 -4.056146368384361267e-02 3.108340978622436523e+00 -4.367985296994447708e-03 -5.544492043554782867e-03 -4.088349640369415283e-02 -9.155070781707763672e-02 1.510829353332519531e+01 4.079597949981689453e+00 1.626258087158203125e+01 -1.072132587432861328e-01
1.596150159835815430e+00 9.829693794250488281e+00 -3.984347358345985413e-02 2.976907014846801758e+00 -4.919440485537052155e-03 -6.008072756230831146e-03 -4.192000627517700195e-02 -8.902059495449066162e-02 1.487181091308593750e+01 4.219597816467285156e+00 1.658584594726562500e+01 -1.054866984486579895e-01
1.547411680221557617e+00 9.653720855712890625e+00 -3.928847610950469971e-02 2.837055921554565430e+00 -5.919244140386581421e-03 -6.531513761729001999e-03 -4.350152239203453064e-02 -8.604172617197036743e-02 1.464007377624511719e+01 4.386003017425537109e+00 1.709768104553222656e+01 -1.040062308311462402e-01
1.479426622390747070e+00 9.467499732971191406e+00 -3.887460753321647644e-02 2.678957939147949219e+00 -6.906609516590833664e-03 -7.122129201889038086e-03 -4.546081274747848511e-02 -8.297520130872726440e-02 1.439789581298828125e+01 4.564433574676513672e+00 1.767379951477050781e+01 -1.026675179600715637e-01
1.409048795700073242e+00 9.271509170532226562e+00 -3.842906653881072998e-02 2.523482322692871094e+00 -7.624351885169744492e-03 -7.651453837752342224e-03 -4.719363152980804443e-02 -8.017414808273315430e-02 1.413236331939697266e+01 4.699014186859130859e+00 1.812641334533691406e+01 -1.013681590557098389e-01
1.342350959777832031e+00 9.087042808532714844e+00 -3.793435543775558472e-02 2.375403881072998047e+00 -8.101506158709526062e-03 -7.996874861419200897e-03 -4.870415106415748596e-02 -7.745431363582611084e-02 1.387618255615234375e+01 4.818200588226318359e+00 1.851535224914550781e+01 -9.995732456445693970e-02
1.279467105865478516e+00 8.892325401306152344e+00 -3.738719224929809570e-02 2.233210086822509766e+00 -8.586952462792396545e-03 -8.255453780293464661e-03 -5.001264810562133789e-02 -7.480521500110626221e-02 1.360689258575439453e+01 4.907815456390380859e+00 1.884779739379882812e+01 -9.861054271459579468e-02
1.217258691787719727e+00 8.695963859558105469e+00 -3.684919700026512146e-02 2.088625907897949219e+00 -9.078414179384708405e-03 -8.517967537045478821e-03 -5.133814737200737000e-02 -7.218000292778015137e-02 1.333594322204589844e+01 4.994653224945068359e+00 1.918453025817871094e+01 -9.733562916517257690e-02
1.143704175949096680e+00 8.479830741882324219e+00 -3.636305034160614014e-02 1.940637826919555664e+00 -1.004246715456247330e-02 -8.921707980334758759e-03 -5.299488827586174011e-02 -6.927864253520965576e-02 1.305786895751953125e+01 5.073100566864013672e+00 1.963556861877441406e+01 -9.642020612955093384e-02
1.066419363021850586e+00 8.254105567932128906e+00 -3.588454052805900574e-02 1.788216352462768555e+00 -1.131074596196413040e-02 -9.399879723787307739e-03 -5.496082082390785217e-02 -6.624846905469894409e-02 1.277833938598632812e+01 5.151330471038818359e+00 2.017909431457519531e+01 -9.580315649509429932e-02
9.984555840492248535e-01 8.038772583007812500e+00 -3.539546579122543335e-02 1.649054050445556641e+00 -1.250102743506431580e-02 -9.848445653915405273e-03 -5.670501664280891418e-02 -6.348419934511184692e-02 1.250829505920410156e+01 5.210244178771972656e+00 2.065211296081542969e+01 -9.523844718933105469e-02
9.340086579322814941e-01 7.823363780975341797e+00 -3.488128632307052612e-02 1.514209270477294922e+00 -1.367040164768695831e-02 -1.028955355286598206e-02 -5.835007131099700928e-02 -6.079198792576789856e-02 1.223579788208007812e+01 5.258840560913085938e+00 2.109375762939453125e+01 -9.467418491840362549e-02
8.709545731544494629e-01 7.611456871032714844e+00 -3.437612578272819519e-02 1.381470918655395508e+00 -1.483039185404777527e-02 -1.073024328798055649e-02 -5.997852981090545654e-02 -5.815288424491882324e-02 1.196793651580810547e+01 5.306129932403564453e+00 2.153134727478027344e+01 -9.414531290531158447e-02
8.204367756843566895e-01 7.408282756805419922e+00 -3.379687666893005371e-02 1.268193244934082031e+00 -1.596490293741226196e-02 -1.107923407107591629e-02 -6.125504523515701294e-02 -5.585332214832305908e-02 1.171740150451660156e+01 5.313041210174560547e+00 2.188463020324707031e+01 -9.387107938528060913e-02
7.739458680152893066e-01 7.216861248016357422e+00 -3.322203457355499268e-02 1.166018009185791016e+00 -1.704771630465984344e-02 -1.138059981167316437e-02 -6.237533316016197205e-02 -5.372821539640426636e-02 1.148392963409423828e+01 5.313943386077880859e+00 2.219647407531738281e+01 -9.360869973897933960e-02
7.287240624427795410e-01 7.034394264221191406e+00 -3.271209821105003357e-02 1.096904993057250977e+00 -1.814959384500980377e-02 -1.152011007070541382e-02 -6.320185214281082153e-02 -5.176183953881263733e-02 1.126440811157226562e+01 5.305248260498046875e+00 2.245829200744628906e+01 -9.330975264310836792e-02
6.900671124458312988e-01 6.862576007843017578e+00 -3.209499642252922058e-02 1.050625324249267578e+00 -1.916342973709106445e-02 -1.164614781737327576e-02 -6.399658322334289551e-02 -4.991972818970680237e-02 1.103732681274414062e+01 5.275571823120117188e+00 2.273330688476562500e+01 -9.322701394557952881e-02
6.522369980812072754e-01 6.692760944366455078e+00 -3.142829984426498413e-02 1.005596160888671875e+00 -2.021316252648830414e-02 -1.178675238043069839e-02 -6.486289203166961670e-02 -4.806401208043098450e-02 1.081063365936279297e+01 5.244247436523437500e+00 2.303008460998535156e+01 -9.322002530097961426e-02
6.148660778999328613e-01 6.521646976470947266e+00 -3.071849979460239410e-02 9.616723656654357910e-01 -2.135754004120826721e-02 -1.193056348711252213e-02 -6.576065719127655029e-02 -4.613805189728736877e-02 1.058587932586669922e+01 5.217614173889160156e+00 2.334594726562500000e+01 -9.319869428873062134e-02
5.778024792671203613e-01 6.351500988006591797e+00 -3.001414425671100616e-02 9.185612797737121582e-01 -2.248594537377357483e-02 -1.206787396222352982e-02 -6.662747263908386230e-02 -4.422383755445480347e-02 1.036214542388916016e+01 5.190937995910644531e+00 2.365308380126953125e+01 -9.315068274736404419e-02
5.409703850746154785e-01 6.182477474212646484e+00 -2.931197732686996460e-02 8.755915760993957520e-01 -2.361832745373249054e-02 -1.221194863319396973e-02 -6.750559061765670776e-02 -4.232098907232284546e-02 1.014025688171386719e+01 5.164591789245605469e+00 2.396335792541503906e+01 -9.312224388122558594e-02
5.055831074714660645e-01 6.025539875030517578e+00 -2.866403572261333466e-02 8.355234265327453613e-01 -2.479551918804645538e-02 -1.241224631667137146e-02 -6.850384920835494995e-02 -4.054479673504829407e-02 9.938180923461914062e+00 5.143395900726318359e+00 2.430962181091308594e+01 -9.330679476261138916e-02
4.699721932411193848e-01 5.877878665924072266e+00 -2.809580974280834198e-02 8.009871840476989746e-01 -2.598447725176811218e-02 -1.266049500554800034e-02 -6.953840702772140503e-02 -3.891041502356529236e-02 9.750631332397460938e+00 5.122884750366210938e+00 2.466391944885253906e+01 -9.363595396280288696e-02
4.420180916786193848e-01 5.757200717926025391e+00 -2.764814160764217377e-02 7.723186612129211426e-01 -2.694285660982131958e-02 -1.286182459443807602e-02 -7.039193063974380493e-02 -3.760948404669761658e-02 9.594796180725097656e+00 5.102840900421142578e+00 2.494809913635253906e+01 -9.393087774515151978e-02
4.190517067909240723e-01 5.642132282257080078e+00 -2.728398889303207397e-02 7.448331713676452637e-01 -2.778820879757404327e-02 -1.303394790738821030e-02 -7.119113206863403320e-02 -3.648876771330833435e-02 9.436982154846191406e+00 5.072630882263183594e+00 2.518917274475097656e+01 -9.425024688243865967e-02
3.948720097541809082e-01 5.520221710205078125e+00 -2.689027413725852966e-02 7.162521481513977051e-01 -2.862205728888511658e-02 -1.318858470767736435e-02 -7.194235920906066895e-02 -3.530232235789299011e-02 9.268338203430175781e+00 5.038848876953125000e+00 2.541438484191894531e+01 -9.447611868381500244e-02
3.696342110633850098e-01 5.396300792694091797e+00 -2.648794651031494141e-02 6.887384057044982910e-01 -2.947849035263061523e-02 -1.335121225565671921e-02 -7.270953059196472168e-02 -3.406457975506782532e-02 9.095211029052734375e+00 5.005022048950195312e+00 2.564555168151855469e+01 -9.467291831970214844e-02
3.406456112861633301e-01 5.249107360839843750e+00 -2.602388523519039154e-02 6.602682471275329590e-01 -3.043259121477603912e-02 -1.351477485150098801e-02 -7.346270978450775146e-02 -3.259180113673210144e-02 8.885166168212890625e+00 4.960746288299560547e+00 2.587623786926269531e+01 -9.474008530378341675e-02
3.147373795509338379e-01 5.104856491088867188e+00 -2.558310143649578094e-02 6.376482844352722168e-01 -3.137852996587753296e-02 -1.361447572708129883e-02 -7.406690716743469238e-02 -3.116686828434467316e-02 8.680437088012695312e+00 4.916322231292724609e+00 2.607158088684082031e+01 -9.470266103744506836e-02
2.906096577644348145e-01 4.964808464050292969e+00 -2.517009153962135315e-02 6.187530159950256348e-01 -3.221332281827926636e-02 -1.365695334970951080e-02 -7.446721196174621582e-02 -2.979659102857112885e-02 8.479068756103515625e+00 4.869544029235839844e+00 2.620967292785644531e+01 -9.449075162410736084e-02
2.677140831947326660e-01 4.832369804382324219e+00 -2.479374594986438751e-02 6.043303608894348145e-01 -3.304406255483627319e-02 -1.371324900537729263e-02 -7.486926019191741943e-02 -2.855628170073032379e-02 8.295299530029296875e+00 4.828743934631347656e+00 2.635675811767578125e+01 -9.439189732074737549e-02
2.430963963270187378e-01 4.718614578247070312e+00 -2.451273612678050995e-02 6.098886132240295410e-01 -3.378926217555999756e-02 -1.370999403297901154e-02 -7.517062127590179443e-02 -2.766311354935169220e-02 8.161703109741210938e+00 4.809348106384277344e+00 2.649327468872070312e+01 -9.440064430236816406e-02
2.170694321393966675e-01 4.602387428283691406e+00 -2.419867739081382751e-02 6.143534779548645020e-01 -3.457374870777130127e-02 -1.371157262474298477e-02 -7.551482319831848145e-02 -2.671554684638977051e-02 8.026178359985351562e+00 4.788894176483154297e+00 2.664613533020019531e+01 -9.444449841976165771e-02
1.899683922529220581e-01 4.483226776123046875e+00 -2.387050725519657135e-02 6.200649142265319824e-01 -3.534951061010360718e-02 -1.368987560272216797e-02 -7.581704109907150269e-02 -2.573312073945999146e-02 7.887025833129882812e+00 4.767930507659912109e+00 2.678938102722167969e+01 -9.442284703254699707e-02
1.625533550977706909e-01 4.361544132232666016e+00 -2.353464812040328979e-02 6.275145411491394043e-01 -3.606852516531944275e-02 -1.363117620348930359e-02 -7.600778341293334961e-02 -2.473579160869121552e-02 7.743200778961181641e+00 4.745379924774169922e+00 2.689940071105957031e+01 -9.425971657037734985e-02
1.310775727033615112e-01 4.222485542297363281e+00 -2.314986102283000946e-02 6.392930150032043457e-01 -3.687472641468048096e-02 -1.354622561484575272e-02 -7.617583870887756348e-02 -2.359691634774208069e-02 7.579221248626708984e+00 4.720307826995849609e+00 2.701218795776367188e+01 -9.400711953639984131e-02
9.915928542613983154e-02 4.083355903625488281e+00 -2.277244068682193756e-02 6.579559445381164551e-01 -3.763981908559799194e-02 -1.341291423887014389e-02 -7.623946666717529297e-02 -2.247453853487968445e-02 7.416038990020751953e+00 4.697033405303955078e+00 2.709559440612792969e+01 -9.361720085144042969e-02
6.833104789257049561e-02 3.948769569396972656e+00 -2.244129404425621033e-02 6.988617777824401855e-01 -3.848098218441009521e-02 -1.322528719902038574e-02 -7.610680162906646729e-02 -2.133382484316825867e-02 7.257681369781494141e+00 4.672021865844726562e+00 2.715286064147949219e+01 -9.307252615690231323e-02
3.981070220470428467e-02 3.824991941452026367e+00 -2.219724096357822418e-02 7.578386664390563965e-01 -3.936345875263214111e-02 -1.298677641898393631e-02 -7.577097415924072266e-02 -2.029885165393352509e-02 7.113484859466552734e+00 4.640729904174804688e+00 2.716947364807128906e+01 -9.247774630784988403e-02
9.193226695060729980e-03 3.717759370803833008e+00 -2.207144536077976227e-02 8.473007082939147949e-01 -4.022872447967529297e-02 -1.258768886327743530e-02 -7.529973983764648438e-02 -1.945453323423862457e-02 6.971981525421142578e+00 4.616919517517089844e+00 2.708120155334472656e+01 -9.157931804656982422e-02
-2.099104167427867651e-04 3.618800640106201172e+00 -2.217835187911987305e-02 9.853966832160949707e-01 -4.122979938983917236e-02 -1.230873446911573410e-02 -7.476057112216949463e-02 -1.865180023014545441e-02 6.803210735321044922e+00 4.625684261322021484e+00 2.696699905395507812e+01 -9.026026725769042969e-02
-5.406279815360903740e-04 3.514739274978637695e+00 -2.245277538895606995e-02 1.173922300338745117e+00 -4.245657846331596375e-02 -1.194833032786846161e-02 -7.395748794078826904e-02 -1.766657456755638123e-02 6.600831985473632812e+00 4.649445533752441406e+00 2.679751586914062500e+01 -8.836241811513900757e-02
-8.283657953143119812e-04 3.431166887283325195e+00 -2.295258641242980957e-02 1.372840404510498047e+00 -4.337714612483978271e-02 -1.152946520596742630e-02 -7.281486690044403076e-02 -1.688301376998424530e-02 6.412256717681884766e+00 4.684393405914306641e+00 2.653712844848632812e+01 -8.612133562564849854e-02
-1.058475463651120663e-03 3.372134923934936523e+00 -2.346609346568584442e-02 1.583628416061401367e+00 -4.403480887413024902e-02 -1.124151237308979034e-02 -7.135013490915298462e-02 -1.615326665341854095e-02 6.242382049560546875e+00 4.725215435028076172e+00 2.619484901428222656e+01 -8.346302062273025513e-02
-1.297180191613733768e-03 3.327672958374023438e+00 -2.406134270131587982e-02 1.836185932159423828e+00 -4.476888477802276611e-02 -1.097707170993089676e-02 -6.949368864297866821e-02 -1.537949033081531525e-02 6.079537868499755859e+00 4.767661571502685547e+00 2.579337120056152344e+01 -8.043583482503890991e-02
-1.504051149822771549e-03 3.289889812469482422e+00 -2.469633333384990692e-02 2.088300466537475586e+00 -4.551325738430023193e-02 -1.070941705256700516e-02 -6.761729717254638672e-02 -1.463002432137727737e-02 5.924970626831054688e+00 4.809581279754638672e+00 2.539529418945312500e+01 -7.745621353387832642e-02
-1.679431879892945290e-03 3.258749961853027344e+00 -2.528178878128528595e-02 2.329445600509643555e+00 -4.618545994162559509e-02 -1.044163480401039124e-02 -6.574257463216781616e-02 -1.393260434269905090e-02 5.781733512878417969e+00 4.844285488128662109e+00 2.498604011535644531e+01 -7.453917711973190308e-02
-1.782428706064820290e-03 3.246626377105712891e+00 -2.577884308993816376e-02 2.537924528121948242e+00 -4.660496488213539124e-02 -1.016024220734834671e-02 -6.395072489976882935e-02 -1.343648415058851242e-02 5.672429561614990234e+00 4.869143009185791016e+00 2.455788230895996094e+01 -7.182112336158752441e-02
-1.908316160552203655e-03 3.239023923873901367e+00 -2.635043859481811523e-02 2.759814500808715820e+00 -4.699753597378730774e-02 -9.770096279680728912e-03 -6.199460849165916443e-02 -1.304594986140727997e-02 5.576445102691650391e+00 4.890517234802246094e+00 2.410392951965332031e+01 -6.911134719848632812e-02
-2.067141002044081688e-03 3.227165699005126953e+00 -2.693931572139263153e-02 2.994708299636840820e+00 -4.744260758161544800e-02 -9.340792894363403320e-03 -5.995168909430503845e-02 -1.258765440434217453e-02 5.470232486724853516e+00 4.910388469696044922e+00 2.362008094787597656e+01 -6.622517108917236328e-02
-2.187253907322883606e-03 3.215404510498046875e+00 -2.755268663167953491e-02 3.225563049316406250e+00 -4.788295179605484009e-02 -8.917604573071002960e-03 -5.790920928120613098e-02 -1.210006419569253922e-02 5.357800960540771484e+00 4.931099414825439453e+00 2.313960838317871094e+01 -6.331885606050491333e-02
-2.288126386702060699e-03 3.206766366958618164e+00 -2.818409167230129242e-02 3.454479217529296875e+00 -4.827991500496864319e-02 -8.495262823998928070e-03 -5.580632388591766357e-02 -1.162300445139408112e-02 5.247275829315185547e+00 4.950490951538085938e+00 2.264795875549316406e+01 -6.039231643080711365e-02
-2.379600424319505692e-03 3.197128534317016602e+00 -2.877622842788696289e-02 3.671416044235229492e+00 -4.864209145307540894e-02 -8.089872077107429504e-03 -5.378160998225212097e-02 -1.115990616381168365e-02 5.138658046722412109e+00 4.967356681823730469e+00 2.216926765441894531e+01 -5.756582692265510559e-02
-2.455341396853327751e-03 3.187524557113647461e+00 -2.933163009583950043e-02 3.874248743057250977e+00 -4.896247386932373047e-02 -7.705615367740392685e-03 -5.186529830098152161e-02 -1.071710418909788132e-02 5.032465934753417969e+00 4.982893943786621094e+00 2.170751762390136719e+01 -5.485354736447334290e-02
-2.502402523532509804e-03 3.178678274154663086e+00 -2.986869588494300842e-02 4.071482181549072266e+00 -4.926899820566177368e-02 -7.337157614529132843e-03 -4.996293038129806519e-02 -1.028266176581382751e-02 4.926769256591796875e+00 4.997686386108398438e+00 2.124579238891601562e+01 -5.215294286608695984e-02
-2.469097962602972984e-03 3.173125267028808594e+00 -3.037904947996139526e-02 4.272617816925048828e+00 -4.965907335281372070e-02 -7.022945675998926163e-03 -4.805921018123626709e-02 -9.805909357964992523e-03 4.816508293151855469e+00 5.014197349548339844e+00 2.077684211730957031e+01 -4.932553321123123169e-02
-2.433669054880738258e-03 3.167604207992553711e+00 -3.089345060288906097e-02 4.474151134490966797e+00 -5.000866949558258057e-02 -6.690226495265960693e-03 -4.609506204724311829e-02 -9.328210726380348206e-03 4.704475879669189453e+00 5.030025005340576172e+00 2.028959465026855469e+01 -4.642532765865325928e-02
-2.384035149589180946e-03 3.161269903182983398e+00 -3.140135109424591064e-02 4.670799732208251953e+00 -5.030841380357742310e-02 -6.352035794407129288e-03 -4.410319402813911438e-02 -8.839803747832775116e-03 4.588984012603759766e+00 5.044787406921386719e+00 1.979334449768066406e+01 -4.348909854888916016e-02
-2.303895540535449982e-03 3.154599905014038086e+00 -3.191073238849639893e-02 4.865317821502685547e+00 -5.057179927825927734e-02 -6.000436376780271530e-03 -4.205681383609771729e-02 -8.325181901454925537e-03 4.468572616577148438e+00 5.059616565704345703e+00 1.928514289855957031e+01 -4.047744721174240112e-02
-2.216560300439596176e-03 3.148442983627319336e+00 -3.242941945791244507e-02 5.065322399139404297e+00 -5.083967745304107666e-02 -5.623877048492431641e-03 -3.994508460164070129e-02 -7.808505091816186905e-03 4.347870349884033203e+00 5.074596881866455078e+00 1.876043891906738281e+01 -3.738980367779731750e-02
-2.116808434948325157e-03 3.142243385314941406e+00 -3.298405185341835022e-02 5.272044658660888672e+00 -5.111353099346160889e-02 -5.219638347625732422e-03 -3.776216134428977966e-02 -7.307188119739294052e-03 4.222292423248291016e+00 5.092484474182128906e+00 1.821179771423339844e+01 -3.418051823973655701e-02
-2.021710388362407684e-03 3.138987541198730469e+00 -3.361348807811737061e-02 5.490217685699462891e+00 -5.130287632346153259e-02 -4.762628115713596344e-03 -3.535543009638786316e-02 -6.865480449050664902e-03 4.095279693603515625e+00 5.111889362335205078e+00 1.760327911376953125e+01 -3.075141087174415588e-02
-1.919912756420671940e-03 3.138917207717895508e+00 -3.423444181680679321e-02 5.700623512268066406e+00 -5.146619677543640137e-02 -4.352996125817298889e-03 -3.303458914160728455e-02 -6.479074247181415558e-03 3.977339744567871094e+00 5.131683349609375000e+00 1.701448249816894531e+01 -2.745798230171203613e-02
-1.787316286936402321e-03 3.140662193298339844e+00 -3.475964814424514771e-02 5.876611232757568359e+00 -5.167717859148979187e-02 -4.054021555930376053e-03 -3.113505244255065918e-02 -6.214333232492208481e-03 3.876059532165527344e+00 5.147461414337158203e+00 1.653701591491699219e+01 -2.475717104971408844e-02
-1.626553013920783997e-03 3.143229007720947266e+00 -3.530333563685417175e-02 6.059656143188476562e+00 -5.192394927144050598e-02 -3.763189539313316345e-03 -2.914565056562423706e-02 -5.912795662879943848e-03 3.769064426422119141e+00 5.158012866973876953e+00 1.604108238220214844e+01 -2.196615934371948242e-02
-1.455428078770637512e-03 3.144099235534667969e+00 -3.582900390028953552e-02 6.239021778106689453e+00 -5.219224840402603149e-02 -3.491518087685108185e-03 -2.718763053417205811e-02 -5.611096508800983429e-03 3.661496400833129883e+00 5.167368888854980469e+00 1.555547046661376953e+01 -1.922926679253578186e-02
-1.274177571758627892e-03 3.143600940704345703e+00 -3.635045140981674194e-02 6.419799327850341797e+00 -5.248598754405975342e-02 -3.229776863008737564e-03 -2.521559596061706543e-02 -5.303971469402313232e-03 3.551170587539672852e+00 5.176340103149414062e+00 1.506820297241210938e+01 -1.647441834211349487e-02
-1.074518659152090549e-03 3.141685009002685547e+00 -3.685234487056732178e-02 6.602219581604003906e+00 -5.280879512429237366e-02 -2.922460669651627541e-03 -2.321722172200679779e-02 -4.950746893882751465e-03 3.437958717346191406e+00 5.185880661010742188e+00 1.456648159027099609e+01 -1.361227221786975861e-02
-8.542127907276153564e-04 3.136739730834960938e+00 -3.735261783003807068e-02 6.786879539489746094e+00 -5.305060371756553650e-02 -2.562032081186771393e-03 -2.102715522050857544e-02 -4.556435160338878632e-03 3.313600063323974609e+00 5.191086292266845703e+00 1.400462436676025391e+01 -1.049850694835186005e-02
-6.548471865244209766e-04 3.127321243286132812e+00 -3.782261162996292114e-02 6.968894481658935547e+00 -5.327712744474411011e-02 -2.185288351029157639e-03 -1.879917271435260773e-02 -4.136672243475914001e-03 3.189333438873291016e+00 5.197680473327636719e+00 1.344696998596191406e+01 -7.352146320044994354e-03
-4.555673804134130478e-04 3.115199565887451172e+00 -3.839308023452758789e-02 7.142852306365966797e+00 -5.344107374548912048e-02 -1.782858045771718025e-03 -1.647959090769290924e-02 -3.763183485716581345e-03 3.065832614898681641e+00 5.201934814453125000e+00 1.288554477691650391e+01 -4.344703629612922668e-03
-2.514214720577001572e-04 3.102310895919799805e+00 -3.895673155784606934e-02 7.312754154205322266e+00 -5.358693376183509827e-02 -1.387480762787163258e-03 -1.417058799415826797e-02 -3.384273266419768333e-03 2.941495895385742188e+00 5.204914569854736328e+00 1.232544231414794922e+01 -1.359431073069572449e-03
-2.014830715779680759e-05 3.087259054183959961e+00 -3.952581435441970825e-02 7.491825103759765625e+00 -5.375428497791290283e-02 -9.618272888474166393e-04 -1.173823233693838120e-02 -2.983714686706662178e-03 2.806800842285156250e+00 5.210299968719482422e+00 1.173069000244140625e+01 1.852815747261047363e-01
2.091126143932342529e-02 3.070058107376098633e+00 -4.011159762740135193e-02 7.668909549713134766e+00 -5.384348705410957336e-02 -5.487861926667392254e-04 -9.210070595145225525e-03 -2.633477794006466866e-03 2.672357559204101562e+00 5.219806194305419922e+00 1.111979198455810547e+01 5.109046101570129395e-01
3.843264281749725342e-02 3.049096107482910156e+00 -4.064285010099411011e-02 7.826056957244873047e+00 -5.384917184710502625e-02 -1.774075644789263606e-04 -6.788939237594604492e-03 -2.386493841186165810e-03 2.555994510650634766e+00 5.232249259948730469e+00 1.055277919769287109e+01 8.054350018501281738e-01
6.001095473766326904e-02 3.025686740875244141e+00 -4.120843484997749329e-02 7.989677906036376953e+00 -5.385324358940124512e-02 2.221390604972839355e-02 -4.240795504301786423e-03 -2.050570445135235786e-03 2.426470279693603516e+00 5.251571178436279297e+00 9.954073905944824219e+00 1.125658750534057617e+00
8.620004355907440186e-02 3.000955581665039062e+00 -4.184367135167121887e-02 8.171421051025390625e+00 -5.391034111380577087e-02 6.577810645103454590e-02 -1.477152225561439991e-03 -1.659840578213334084e-03 2.282793045043945312e+00 5.278292655944824219e+00 9.307337760925292969e+00 1.479684114456176758e+00
1.163797825574874878e-01 2.973993539810180664e+00 -4.250954836606979370e-02 8.371350288391113281e+00 -5.407582223415374756e-02 1.124832332134246826e-01 1.429067701101303101e-01 -1.215340220369398594e-03 2.125365734100341797e+00 5.313291072845458984e+00 8.629218101501464844e+00 1.863819837570190430e+00
1.478810757398605347e-01 2.946038961410522461e+00 -4.319673031568527222e-02 8.579280853271484375e+00 -5.427088588476181030e-02 1.604445874691009521e-01 4.419375658035278320e-01 -7.502236985601484776e-04 1.961960196495056152e+00 5.350566387176513672e+00 7.932078361511230469e+00 2.261356592178344727e+00
1.741760224103927612e-01 2.916052103042602539e+00 -4.380942136049270630e-02 8.759236335754394531e+00 -5.431773886084556580e-02 2.047496736049652100e-01 7.179743051528930664e-01 -3.325370198581367731e-04 1.806353688240051270e+00 5.380851745605468750e+00 7.273262500762939453e+00 2.628533363342285156e+00
1.954541653394699097e-01 2.885509490966796875e+00 -4.421493411064147949e-02 8.884073257446289062e+00 -5.422808602452278137e-02 2.406804263591766357e-01 9.389232397079467773e-01 2.247419208288192749e-03 1.675451874732971191e+00 5.395644664764404297e+00 6.724720954895019531e+00 2.922687768936157227e+00
2.156947106122970581e-01 2.856731414794921875e+00 -4.459080472588539124e-02 9.002891540527343750e+00 -5.416645854711532593e-02 2.750878036022186279e-01 1.144976139068603516e+00 3.746804222464561462e-02 1.551062941551208496e+00 5.411468029022216797e+00 6.211264610290527344e+00 3.202330112457275391e+00
2.408950775861740112e-01 2.834939002990722656e+00 -4.481472447514533997e-02 9.094205856323242188e+00 -5.416714400053024292e-02 2.976461946964263916e-01 1.313330531120300293e+00 7.738682627677917480e-02 1.434406638145446777e+00 5.424920082092285156e+00 5.776612281799316406e+00 3.454784154891967773e+00
2.781007885932922363e-01 2.827444076538085938e+00 -4.475057497620582581e-02 9.117879867553710938e+00 -5.436904728412628174e-02 2.796483337879180908e-01 1.395961999893188477e+00 1.558512151241302490e-01 1.319889903068542480e+00 5.431432723999023438e+00 5.540112018585205078e+00 3.650297880172729492e+00
3.049882054328918457e-01 2.812501192092895508e+00 -4.435115680098533630e-02 9.168416023254394531e+00 -5.464502796530723572e-02 2.468647658824920654e-01 1.446364760398864746e+00 2.159756124019622803e-01 1.224344611167907715e+00 5.444487571716308594e+00 5.331871986389160156e+00 3.833716869354248047e+00
3.221259713172912598e-01 2.791102886199951172e+00 -4.374578222632408142e-02 9.223732948303222656e+00 -5.490170791745185852e-02 2.166923582553863525e-01 1.469991803169250488e+00 2.713181674480438232e-01 1.139488101005554199e+00 5.459673881530761719e+00 5.148528099060058594e+00 4.005098342895507812e+00
3.360689282417297363e-01 2.765920400619506836e+00 -4.313227161765098572e-02 9.269758224487304688e+00 -5.511960014700889587e-02 1.964035332202911377e-01 1.486310362815856934e+00 3.331597745418548584e-01 1.052694678306579590e+00 5.474248886108398438e+00 4.976988315582275391e+00 4.172215461730957031e+00
3.496749997138977051e-01 2.740691423416137695e+00 -4.253813624382019043e-02 9.307728767395019531e+00 -5.529465153813362122e-02 1.780484020709991455e-01 1.499829411506652832e+00 3.915642201900482178e-01 9.695802927017211914e-01 5.488336563110351562e+00 4.814492225646972656e+00 4.329267978668212891e+00
3.626130223274230957e-01 2.716592311859130859e+00 -4.196674376726150513e-02 9.340673446655273438e+00 -5.543687567114830017e-02 1.614005863666534424e-01 1.511039137840270996e+00 4.478431642055511475e-01 8.911956548690795898e-01 5.503523826599121094e+00 4.661300659179687500e+00 4.478977203369140625e+00
3.751247525215148926e-01 2.692516326904296875e+00 -4.140036553144454956e-02 9.371050834655761719e+00 -5.556468665599822998e-02 1.452440917491912842e-01 1.521464228630065918e+00 5.031177401542663574e-01 8.144146203994750977e-01 5.517786026000976562e+00 4.510901451110839844e+00 4.624954223632812500e+00
3.870313763618469238e-01 2.668907165527343750e+00 -4.084762930870056152e-02 9.397174835205078125e+00 -5.566803365945816040e-02 1.298107206821441650e-01 1.531023621559143066e+00 5.559669137001037598e-01 7.410517930984497070e-01 5.529944419860839844e+00 4.366079807281494141e+00 4.763135433197021484e+00
3.984931111335754395e-01 2.644856452941894531e+00 -4.029192775487899780e-02 9.418352127075195312e+00 -5.574376136064529419e-02 1.149446666240692139e-01 1.539537906646728516e+00 6.074858307838439941e-01 6.694897413253784180e-01 5.539669990539550781e+00 4.223469257354736328e+00 4.895937919616699219e+00
4.119933247566223145e-01 2.623579502105712891e+00 -3.975641354918479919e-02 9.437589645385742188e+00 -5.579788982868194580e-02 9.980371594429016113e-02 1.541939854621887207e+00 6.536148190498352051e-01 5.994981527328491211e-01 5.561949729919433594e+00 4.081218719482421875e+00 5.034492015838623047e+00
4.285762906074523926e-01 2.605646133422851562e+00 -3.923949226737022400e-02 9.453233718872070312e+00 -5.581736564636230469e-02 8.542212843894958496e-02 1.535191893577575684e+00 6.937245726585388184e-01 5.302439928054809570e-01 5.602474212646484375e+00 3.939296483993530273e+00 5.183419704437255859e+00
4.452443718910217285e-01 2.587549209594726562e+00 -3.872793912887573242e-02 9.470302581787109375e+00 -5.584922805428504944e-02 7.170370221138000488e-02 1.528155326843261719e+00 7.346110343933105469e-01 4.599827229976654053e-01 5.644366264343261719e+00 3.798561334609985352e+00 5.334141254425048828e+00
4.631157517433166504e-01 2.568320989608764648e+00 -3.820753842592239380e-02 9.494959831237792969e+00 -5.593780055642127991e-02 5.816593766212463379e-02 1.520504593849182129e+00 7.793344259262084961e-01 3.830874860286712646e-01 5.692885398864746094e+00 3.651653528213500977e+00 5.499090194702148438e+00
4.803019165992736816e-01 2.549439907073974609e+00 -3.770742192864418030e-02 9.519412994384765625e+00 -5.604016035795211792e-02 4.589143395423889160e-02 1.512454748153686523e+00 8.228270411491394043e-01 3.084724843502044678e-01 5.739755630493164062e+00 3.510886907577514648e+00 5.658370971679687500e+00
4.973111748695373535e-01 2.530973434448242188e+00 -3.721598908305168152e-02 9.544345855712890625e+00 -5.614472180604934692e-02 3.376653790473937988e-02 1.504621863365173340e+00 8.659772872924804688e-01 2.347246110439300537e-01 5.786669731140136719e+00 3.372071981430053711e+00 5.816396236419677734e+00
5.149767994880676270e-01 2.512225151062011719e+00 -3.671287000179290771e-02 9.570158004760742188e+00 -5.625554546713829041e-02 2.150943875312805176e-02 1.496824622154235840e+00 9.098556041717529297e-01 1.593190133571624756e-01 5.834892272949218750e+00 3.230712890625000000e+00 5.978203773498535156e+00
5.322602391242980957e-01 2.494050741195678711e+00 -3.625553101301193237e-02 9.584972381591796875e+00 -5.630667507648468018e-02 1.351991295814514160e-02 1.486887574195861816e+00 9.502810835838317871e-01 8.784183859825134277e-02 5.875927925109863281e+00 3.102156400680541992e+00 6.121141910552978516e+00
5.501418709754943848e-01 2.478351831436157227e+00 -3.582453355193138123e-02 9.596323013305664062e+00 -5.632482841610908508e-02 6.238549947738647461e-03 1.475750803947448730e+00 9.904312491416931152e-01 1.857218146324157715e-02 5.915462493896484375e+00 2.980423212051391602e+00 6.257638931274414062e+00
5.693033337593078613e-01 2.462489604949951172e+00 -3.537055104970932007e-02 9.609834671020507812e+00 -5.635064840316772461e-02 -1.574069210619200021e-05 1.463994503021240234e+00 1.033300518989562988e+00 -5.473103956319391727e-04 5.958462238311767578e+00 2.851547718048095703e+00 6.403842449188232422e+00
5.892098546028137207e-01 2.441277265548706055e+00 -3.488403558731079102e-02 9.620313644409179688e+00 -5.637859180569648743e-02 -7.420986366923898458e-05 1.449985861778259277e+00 1.080049037933349609e+00 -1.374312909319996834e-03 6.002351284027099609e+00 2.714827537536621094e+00 6.557457447052001953e+00
6.099899411201477051e-01 2.421046733856201172e+00 -3.435404598712921143e-02 9.621271133422851562e+00 -5.636628344655036926e-02 -1.059660280589014292e-04 1.434824109077453613e+00 1.125945687294006348e+00 -2.153018955141305923e-03 6.040995597839355469e+00 2.578171968460083008e+00 6.703626155853271484e+00
6.309531331062316895e-01 2.401641845703125000e+00 -3.382089361548423767e-02 9.622005462646484375e+00 -5.635655298829078674e-02 -1.328125508734956384e-04 1.419558286666870117e+00 1.171582698822021484e+00 -2.918714424595236778e-03 6.079479217529296875e+00 2.442761659622192383e+00 6.849123954772949219e+00
6.530333161354064941e-01 2.382497310638427734e+00 -3.327840939164161682e-02 9.626943588256835938e+00 -5.636947602033615112e-02 -1.624974538572132587e-04 1.404073596000671387e+00 1.219666242599487305e+00 -3.720137057825922966e-03 6.122228622436523438e+00 2.302772283554077148e+00 7.003863811492919922e+00
6.751354336738586426e-01 2.363406658172607422e+00 -3.273744136095046997e-02 9.632732391357421875e+00 -5.639075487852096558e-02 -1.913937885547056794e-04 1.388608813285827637e+00 1.267619252204895020e+00 -4.523164127022027969e-03 6.165388107299804688e+00 2.163285493850708008e+00 7.159151077270507812e+00
6.983361840248107910e-01 2.341898441314697266e+00 -3.222343325614929199e-02 9.647251129150390625e+00 -5.648218467831611633e-02 -1.956132036866620183e-04 1.373374342918395996e+00 1.317988753318786621e+00 -5.413413979113101959e-03 6.217193126678466797e+00 2.023306131362915039e+00 7.326726913452148438e+00
7.217958569526672363e-01 2.318985700607299805e+00 -3.175152838230133057e-02 9.667640686035156250e+00 -5.663726106286048889e-02 -1.731136435410007834e-04 1.358732342720031738e+00 1.366909503936767578e+00 -6.339441519230604172e-03 6.273235321044921875e+00 1.891122341156005859e+00 7.495993137359619141e+00
7.428732514381408691e-01 2.298079490661621094e+00 -3.132271766662597656e-02 9.687299728393554688e+00 -5.678802356123924255e-02 -1.493510499130934477e-04 1.346735596656799316e+00 1.409664988517761230e+00 -7.168551441282033920e-03 6.324612617492675781e+00 1.771341323852539062e+00 7.649595737457275391e+00
7.637003064155578613e-01 2.277617931365966797e+00 -3.090498782694339752e-02 9.708514213562011719e+00 -5.695078149437904358e-02 -1.246502943104133010e-04 1.335025310516357422e+00 1.451859712600708008e+00 -7.989560253918170929e-03 6.376273155212402344e+00 1.653514504432678223e+00 7.802366733551025391e+00
7.851358056068420410e-01 2.257995128631591797e+00 -3.049544245004653931e-02 9.735036849975585938e+00 -5.714126303791999817e-02 -9.745567513164132833e-05 1.323257803916931152e+00 1.496058106422424316e+00 -8.833371102809906006e-03 6.432441234588623047e+00 1.534375786781311035e+00 7.962675571441650391e+00
8.047276139259338379e-01 2.233197212219238281e+00 -3.015945665538311005e-02 9.763375282287597656e+00 -5.737039446830749512e-02 -2.509504520276095718e-05 1.312093615531921387e+00 1.537837386131286621e+00 -9.726858697831630707e-03 6.489385604858398438e+00 1.428887605667114258e+00 8.116245269775390625e+00
8.224924206733703613e-01 2.207382202148437500e+00 -2.984024211764335632e-02 9.790182113647460938e+00 -5.763279646635055542e-02 8.464664220809936523e-03 1.302638649940490723e+00 1.571580648422241211e+00 -1.056284736841917038e-02 6.543995857238769531e+00 1.339724659919738770e+00 8.258982658386230469e+00
8.402648568153381348e-01 2.181339740753173828e+00 -2.951878495514392853e-02 9.818219184875488281e+00 -5.791538208723068237e-02 1.984688639640808105e-02 1.293546080589294434e+00 1.604105591773986816e+00 -1.139773894101381302e-02 6.598870277404785156e+00 1.251599550247192383e+00 8.401971817016601562e+00
8.583465218544006348e-01 2.155563116073608398e+00 -2.920700423419475555e-02 9.849578857421875000e+00 -5.823120102286338806e-02 3.140166401863098145e-02 1.285215497016906738e+00 1.635225296020507812e+00 -1.223357859998941422e-02 6.655067443847656250e+00 1.165629148483276367e+00 8.545747756958007812e+00
8.768675923347473145e-01 2.129824876785278320e+00 -2.891692519187927246e-02 9.886980056762695312e+00 -5.861273035407066345e-02 4.374608397483825684e-02 1.278179049491882324e+00 1.663859605789184570e+00 -1.307222340255975723e-02 6.713631629943847656e+00 1.084322929382324219e+00 8.690284729003906250e+00
8.973134160041809082e-01 2.106245756149291992e+00 -2.862959541380405426e-02 9.932262420654296875e+00 -5.904532223939895630e-02 5.705353617668151855e-02 1.271231293678283691e+00 1.692512035369873047e+00 -1.393887400627136230e-02 6.778089523315429688e+00 9.987038373947143555e-01 8.846559524536132812e+00
9.197404980659484863e-01 2.082884788513183594e+00 -2.831000089645385742e-02 9.980764389038085938e+00 -5.951471254229545593e-02 7.170203328132629395e-02 1.263970255851745605e+00 1.720415711402893066e+00 -1.483642682433128357e-02 6.845778465270996094e+00 9.064326286315917969e-01 9.013347625732421875e+00
9.444463849067687988e-01 2.058296918869018555e+00 -2.799450419843196869e-02 1.002905082702636719e+01 -6.002751365303993225e-02 8.673849701881408691e-02 1.257578492164611816e+00 1.746452927589416504e+00 -1.570206321775913239e-02 6.911478996276855469e+00 8.171619176864624023e-01 9.183888435363769531e+00
9.761579632759094238e-01 2.029200077056884766e+00 -2.768792584538459778e-02 1.007373046875000000e+01 -6.062654033303260803e-02 1.019883453845977783e-01 1.253626704216003418e+00 1.768695712089538574e+00 -1.649426110088825226e-02 6.971268177032470703e+00 7.332185506820678711e-01 9.367662429809570312e+00
1.006831407546997070e+00 1.999938964843750000e+00 -2.740089595317840576e-02 1.012177467346191406e+01 -6.126786023378372192e-02 1.185066998004913330e-01 1.248907923698425293e+00 1.790017843246459961e+00 -1.727912202477455139e-02 7.030734539031982422e+00 6.515341997146606445e-01 9.551093101501464844e+00
1.037342786788940430e+00 1.970755815505981445e+00 -2.713104337453842163e-02 1.017426681518554688e+01 -6.195836886763572693e-02 1.353600323200225830e-01 1.244364142417907715e+00 1.810176730155944824e+00 -1.805990561842918396e-02 7.091111183166503906e+00 5.720866918563842773e-01 9.736147880554199219e+00
1.074882030487060547e+00 1.939344406127929688e+00 -2.681888267397880554e-02 1.023384475708007812e+01 -6.272642314434051514e-02 1.500456929206848145e-01 1.240506768226623535e+00 1.831179857254028320e+00 -1.894743368029594421e-02 7.141102313995361328e+00 4.938946664333343506e-01 9.919246673583984375e+00
1.118467807769775391e+00 1.903288602828979492e+00 -2.650613337755203247e-02 1.029713344573974609e+01 -6.358171999454498291e-02 1.646308004856109619e-01 1.236153006553649902e+00 1.851113319396972656e+00 -1.995779387652873993e-02 7.181236267089843750e+00 4.207194745540618896e-01 1.009567070007324219e+01
1.161245346069335938e+00 1.866944313049316406e+00 -2.620918303728103638e-02 1.035931396484375000e+01 -6.443084776401519775e-02 1.799478232860565186e-01 1.231864333152770996e+00 1.870435118675231934e+00 -2.096165157854557037e-02 7.220777511596679688e+00 3.501094281673431396e-01 1.026774120330810547e+01
1.202481269836425781e+00 1.832271575927734375e+00 -2.591516636312007904e-02 1.041728019714355469e+01 -6.524025648832321167e-02 1.948384046554565430e-01 1.227738857269287109e+00 1.887688517570495605e+00 -2.191554941236972809e-02 7.257689476013183594e+00 2.823744714260101318e-01 1.043137836456298828e+01
1.237264633178710938e+00 1.805096626281738281e+00 -2.566211111843585968e-02 1.046440982818603516e+01 -6.594415754079818726e-02 2.115736901760101318e-01 1.220099329948425293e+00 1.901198506355285645e+00 -2.273898944258689880e-02 7.288273811340332031e+00 2.287732064723968506e-01 1.056448459625244141e+01
1.270678758621215820e+00 1.777510166168212891e+00 -2.540724724531173706e-02 1.050674438476562500e+01 -6.661734730005264282e-02 2.279259860515594482e-01 1.212782502174377441e+00 1.913161396980285645e+00 -2.353754453361034393e-02 7.314810276031494141e+00 1.764398515224456787e-01 1.069023990631103516e+01
1.311182737350463867e+00 1.750936031341552734e+00 -2.533476054668426514e-02 1.057140350341796875e+01 -6.764469295740127563e-02 2.505890130996704102e-01 1.219212889671325684e+00 1.911936163902282715e+00 -2.454552426934242249e-02 7.334839820861816406e+00 1.297548711299896240e-01 1.084331703186035156e+01
1.352814674377441406e+00 1.722618818283081055e+00 -2.526126801967620850e-02 1.063885116577148438e+01 -6.871997565031051636e-02 2.751164138317108154e-01 1.225757479667663574e+00 1.910647988319396973e+00 -2.559641562402248383e-02 7.356080055236816406e+00 8.324084430932998657e-02 1.100003147125244141e+01
1.393624544143676758e+00 1.692276477813720703e+00 -2.516872063279151917e-02 1.070014476776123047e+01 -6.976106017827987671e-02 3.003813028335571289e-01 1.231394886970520020e+00 1.909285306930541992e+00 -2.665002085268497467e-02 7.373003005981445312e+00 3.665266185998916626e-02 1.114937305450439453e+01
1.433320522308349609e+00 1.661810874938964844e+00 -2.506978064775466919e-02 1.075715923309326172e+01 -7.076252251863479614e-02 3.252141177654266357e-01 1.236510038375854492e+00 1.907789468765258789e+00 -2.768125943839550018e-02 7.387438774108886719e+00 -9.263656829716637731e-05 1.129269313812255859e+01
1.473932504653930664e+00 1.630859851837158203e+00 -2.497103810310363770e-02 1.081625747680664062e+01 -7.179045677185058594e-02 3.505536615848541260e-01 1.241860151290893555e+00 1.906376481056213379e+00 -2.873508073389530182e-02 7.402790546417236328e+00 -5.608906503766775131e-04 1.143983936309814453e+01
1.514995813369750977e+00 1.599532365798950195e+00 -2.487034909427165985e-02 1.087574005126953125e+01 -7.282815128564834595e-02 3.761907815933227539e-01 1.247225165367126465e+00 1.904924511909484863e+00 -2.979994751513004303e-02 7.418136596679687500e+00 -1.034597400575876236e-03 1.158839988708496094e+01
1.559280514717102051e+00 1.567542314529418945e+00 -2.479407191276550293e-02 1.093479728698730469e+01 -7.393334060907363892e-02 4.040745198726654053e-01 1.252176403999328613e+00 1.899151802062988281e+00 -3.089086711406707764e-02 7.427776336669921875e+00 -1.470643561333417892e-03 1.172993755340576172e+01
1.607350349426269531e+00 1.537088871002197266e+00 -2.478221617639064789e-02 1.098570632934570312e+01 -7.509107887744903564e-02 4.346040487289428711e-01 1.255735754966735840e+00 1.882386088371276855e+00 -3.194191679358482361e-02 7.420241355895996094e+00 -1.771933049894869328e-03 1.183716583251953125e+01
1.658701658248901367e+00 1.502213001251220703e+00 -2.476904168725013733e-02 1.104145812988281250e+01 -7.636654376983642578e-02 4.681160151958465576e-01 1.260361075401306152e+00 1.862688422203063965e+00 -3.309944644570350647e-02 7.411089897155761719e+00 -2.103234874084591866e-03 1.195270633697509766e+01
1.711977005004882812e+00 1.462116956710815430e+00 -2.475600130856037140e-02 1.109892463684082031e+01 -7.773444801568984985e-02 5.041321516036987305e-01 1.267238259315490723e+00 1.838423967361450195e+00 -3.435290604829788208e-02 7.398141860961914062e+00 -2.468675607815384865e-03 1.207245540618896484e+01
1.767400145530700684e+00 1.421253204345703125e+00 -2.480500936508178711e-02 1.116212463378906250e+01 -7.923684269189834595e-02 5.470372438430786133e-01 1.277863144874572754e+00 1.807053327560424805e+00 -3.566288575530052185e-02 7.380752563476562500e+00 -2.825509523972868919e-03 1.219379520416259766e+01
1.819294214248657227e+00 1.384001016616821289e+00 -2.486689202487468719e-02 1.122351360321044922e+01 -8.066325634717941284e-02 5.877394676208496094e-01 1.288884758949279785e+00 1.776206254959106445e+00 -3.687854111194610596e-02 7.365224838256835938e+00 -3.154007485136389732e-03 1.230867862701416016e+01
1.865744590759277344e+00 1.350715398788452148e+00 -2.492474950850009918e-02 1.127925109863281250e+01 -8.194583654403686523e-02 6.241267919540405273e-01 1.299044489860534668e+00 1.748402953147888184e+00 -3.796615451574325562e-02 7.351765155792236328e+00 -3.447591327130794525e-03 1.241227436065673828e+01
1.907577991485595703e+00 1.318860769271850586e+00 -2.496217191219329834e-02 1.132344055175781250e+01 -8.308036625385284424e-02 6.575384736061096191e-01 1.307744026184082031e+00 1.721845507621765137e+00 -3.895038366317749023e-02 7.334408760070800781e+00 -3.718510968610644341e-03 1.249997520446777344e+01
1.942651629447937012e+00 1.288755416870117188e+00 -2.503030560910701752e-02 1.136769676208496094e+01 -8.412443101406097412e-02 6.846638917922973633e-01 1.316101431846618652e+00 1.694741964340209961e+00 -3.991597145795822144e-02 7.316678047180175781e+00 -4.003576468676328659e-03 1.257797622680664062e+01
1.970564961433410645e+00 1.261316299438476562e+00 -2.512110024690628052e-02 1.141137027740478516e+01 -8.506564795970916748e-02 7.051216363906860352e-01 1.324740529060363770e+00 1.668145418167114258e+00 -4.081539064645767212e-02 7.298871994018554688e+00 -4.282790701836347580e-03 1.264533901214599609e+01
1.990820169448852539e+00 1.237529516220092773e+00 -2.521533705294132233e-02 1.145507049560546875e+01 -8.596237748861312866e-02 7.289818525314331055e-01 1.334747195243835449e+00 1.640848755836486816e+00 -4.156959056854248047e-02 7.282429218292236328e+00 -4.506188910454511642e-03 1.269290733337402344e+01
2.010653018951416016e+00 1.214373826980590820e+00 -2.531755156815052032e-02 1.150079822540283203e+01 -8.686999976634979248e-02 7.528679370880126953e-01 1.345509648323059082e+00 1.613230228424072266e+00 -4.231502488255500793e-02 7.267482757568359375e+00 -4.725710488855838776e-03 1.274158382415771484e+01
2.028796911239624023e+00 1.191076040267944336e+00 -2.541564218699932098e-02 1.154421997070312500e+01 -8.775735646486282349e-02 7.761033773422241211e-01 1.356212973594665527e+00 1.585843324661254883e+00 -4.304765164852142334e-02 7.250006675720214844e+00 -4.944302141666412354e-03 1.278538227081298828e+01
2.043441295623779297e+00 1.169607639312744141e+00 -2.549313753843307495e-02 1.157846641540527344e+01 -8.850884437561035156e-02 7.964248657226562500e-01 1.364595174789428711e+00 1.562544822692871094e+00 -4.369446635246276855e-02 7.231297492980957031e+00 -5.133632104843854904e-03 1.281822967529296875e+01
2.057384490966796875e+00 1.148547887802124023e+00 -2.556343749165534973e-02 1.161023521423339844e+01 -8.922847360372543335e-02 8.159834146499633789e-01 1.372605443000793457e+00 1.539655804634094238e+00 -4.431778937578201294e-02 7.212162017822265625e+00 -5.318026524037122726e-03 1.284844684600830078e+01
2.071394205093383789e+00 1.126545429229736328e+00 -2.563022822141647339e-02 1.164172363281250000e+01 -8.996228873729705811e-02 8.359583616256713867e-01 1.380678772926330566e+00 1.515983343124389648e+00 -4.495860636234283447e-02 7.191426277160644531e+00 -5.509074777364730835e-03 1.287779808044433594e+01
2.084640502929687500e+00 1.104764819145202637e+00 -2.568179741501808167e-02 1.166942024230957031e+01 -9.065195173025131226e-02 8.546830415725708008e-01 1.388025164604187012e+00 1.493269443511962891e+00 -4.557210952043533325e-02 7.169408321380615234e+00 -5.696094129234552383e-03 1.290291404724121094e+01
2.096790790557861328e+00 1.083925247192382812e+00 -2.572071738541126251e-02 1.169277572631835938e+01 -9.128227084875106812e-02 8.718938827514648438e-01 1.394676804542541504e+00 1.471639871597290039e+00 -4.613993689417839050e-02 7.146730422973632812e+00 -5.872801411896944046e-03 1.292339611053466797e+01
2.108035087585449219e+00 1.063082218170166016e+00 -2.575318329036235809e-02 1.171062660217285156e+01 -9.186652302742004395e-02 8.884390592575073242e-01 1.401072382926940918e+00 1.449935436248779297e+00 -4.667229205369949341e-02 7.121909141540527344e+00 -6.045409478247165680e-03 1.293855381011962891e+01
2.118186950683593750e+00 1.042918443679809570e+00 -2.580828405916690826e-02 1.172866821289062500e+01 -9.245315939188003540e-02 9.028022289276123047e-01 1.409433007240295410e+00 1.425556540489196777e+00 -4.714684560894966125e-02 7.096426010131835938e+00 -6.220818497240543365e-03 1.294939327239990234e+01
2.126435041427612305e+00 1.023343563079833984e+00 -2.587055601179599762e-02 1.174768066406250000e+01 -9.302805364131927490e-02 9.152054786682128906e-01 1.418404936790466309e+00 1.400648474693298340e+00 -4.757875204086303711e-02 7.072482109069824219e+00 -6.383781321346759796e-03 1.295818424224853516e+01
2.127561807632446289e+00 1.002380132675170898e+00 -2.590661682188510895e-02 1.175838851928710938e+01 -9.349308162927627563e-02 9.258036613464355469e-01 1.425219416618347168e+00 1.379852890968322754e+00 -4.793601855635643005e-02 7.051943302154541016e+00 -6.476128008216619492e-03 1.295983028411865234e+01
2.128134250640869141e+00 9.833624958992004395e-01 -2.593407407402992249e-02 1.176603031158447266e+01 -9.389492869377136230e-02 9.351047277450561523e-01 1.431282162666320801e+00 1.360906839370727539e+00 -4.824889078736305237e-02 7.032300472259521484e+00 -6.558092776685953140e-03 1.295901775360107422e+01
2.127473115921020508e+00 9.643145203590393066e-01 -2.595507539808750153e-02 1.176993656158447266e+01 -9.425178915262222290e-02 9.438759088516235352e-01 1.436930298805236816e+00 1.342202186584472656e+00 -4.854292422533035278e-02 7.011623382568359375e+00 -6.629305891692638397e-03 1.295413875579833984e+01
2.127219915390014648e+00 9.460806846618652344e-01 -2.598961070179939270e-02 1.177800178527832031e+01 -9.463185817003250122e-02 9.538857936859130859e-01 1.445210814476013184e+00 1.321855068206787109e+00 -4.884221777319908142e-02 6.993752479553222656e+00 -6.695300340652465820e-03 1.295211887359619141e+01
2.128296613693237305e+00 9.268720149993896484e-01 -2.602613717317581177e-02 1.178807067871093750e+01 -9.503822773694992065e-02 9.662336111068725586e-01 1.456057071685791016e+00 1.299880027770996094e+00 -4.914704337716102600e-02 6.976903915405273438e+00 -6.767548155039548874e-03 1.295069408416748047e+01
2.129515171051025391e+00 9.084914326667785645e-01 -2.606581896543502808e-02 1.179933357238769531e+01 -9.544585645198822021e-02 9.783220291137695312e-01 1.466810345649719238e+00 1.278359532356262207e+00 -4.944661632180213928e-02 6.961344718933105469e+00 -6.836405955255031586e-03 1.295109653472900391e+01
2.130260229110717773e+00 8.916294574737548828e-01 -2.609617449343204498e-02 1.180738067626953125e+01 -9.579849988222122192e-02 9.891061782836914062e-01 1.476442933082580566e+00 1.258609414100646973e+00 -4.970869421958923340e-02 6.945890426635742188e+00 -6.898452062159776688e-03 1.294904422760009766e+01
2.130443334579467773e+00 8.768157958984375000e-01 -2.611801400780677795e-02 1.181245803833007812e+01 -9.608683735132217407e-02 9.983344078063964844e-01 1.484733581542968750e+00 1.241371870040893555e+00 -4.992626979947090149e-02 6.931486129760742188e+00 -6.950289011001586914e-03 1.294512653350830078e+01
2.129931688308715820e+00 8.598374724388122559e-01 -2.613335102796554565e-02 1.181412410736083984e+01 -9.637394547462463379e-02 1.008362412452697754e+00 1.493593096733093262e+00 1.222277998924255371e+00 -5.015376955270767212e-02 6.913105487823486328e+00 -7.007032632827758789e-03 1.293608856201171875e+01
2.127594709396362305e+00 8.427790403366088867e-01 -2.615854889154434204e-02 1.181340026855468750e+01 -9.662652760744094849e-02 1.018278121948242188e+00 1.502714753150939941e+00 1.203317165374755859e+00 -5.036427825689315796e-02 6.895743846893310547e+00 -7.054968737065792084e-03 1.292505931854248047e+01
2.122565031051635742e+00 8.267482519149780273e-01 -2.620811387896537781e-02 1.181025314331054688e+01 -9.681814908981323242e-02 1.027735710144042969e+00 1.512282013893127441e+00 1.185588240623474121e+00 -5.053787678480148315e-02 6.882198333740234375e+00 -7.082513533532619476e-03 1.291339778900146484e+01
2.117358922958374023e+00 8.104554414749145508e-01 -2.625708468258380890e-02 1.180673217773437500e+01 -9.700758755207061768e-02 1.037277817726135254e+00 1.521939158439636230e+00 1.167820096015930176e+00 -5.071294307708740234e-02 6.868276596069335938e+00 -7.110300939530134201e-03 1.290096569061279297e+01
2.112361192703247070e+00 7.947988510131835938e-01 -2.631471864879131317e-02 1.180690383911132812e+01 -9.722109884023666382e-02 1.046998739242553711e+00 1.532156944274902344e+00 1.150309920310974121e+00 -5.089474096894264221e-02 6.857163429260253906e+00 -7.135389838367700577e-03 1.289267635345458984e+01
2.107234716415405273e+00 7.787928581237792969e-01 -2.637895941734313965e-02 1.180845260620117188e+01 -9.745356440544128418e-02 1.057232499122619629e+00 1.542975425720214844e+00 1.131994962692260742e+00 -5.108612403273582458e-02 6.846556663513183594e+00 -7.159677799791097641e-03 1.288570499420166016e+01
2.102220058441162109e+00 7.631239295005798340e-01 -2.644440904259681702e-02 1.181067657470703125e+01 -9.768858551979064941e-02 1.067337989807128906e+00 1.553703665733337402e+00 1.113856911659240723e+00 -5.127735435962677002e-02 6.836568832397460938e+00 -7.182949688285589218e-03 1.287969112396240234e+01
2.097003459930419922e+00 7.483293414115905762e-01 -2.650141157209873199e-02 1.181083488464355469e+01 -9.789092093706130981e-02 1.076451539993286133e+00 1.563373565673828125e+00 1.096956849098205566e+00 -5.145121365785598755e-02 6.826136589050292969e+00 -7.202430628240108490e-03 1.287177753448486328e+01
2.091564893722534180e+00 7.342480421066284180e-01 -2.654889784753322601e-02 1.180855369567871094e+01 -9.805751591920852661e-02 1.084803342819213867e+00 1.572263717651367188e+00 1.081171154975891113e+00 -5.160399898886680603e-02 6.814938545227050781e+00 -7.218251004815101624e-03 1.286135959625244141e+01
2.086238861083984375e+00 7.208210229873657227e-01 -2.659019641578197479e-02 1.180515575408935547e+01 -9.820415079593658447e-02 1.092547059059143066e+00 1.580518603324890137e+00 1.066319346427917480e+00 -5.174349993467330933e-02 6.803635597229003906e+00 -7.233292795717716217e-03 1.285009193420410156e+01
2.081253528594970703e+00 7.078471183776855469e-01 -2.663694135844707489e-02 1.180434989929199219e+01 -9.836876392364501953e-02 1.100326657295227051e+00 1.589331746101379395e+00 1.051378846168518066e+00 -5.188823491334915161e-02 6.794287681579589844e+00 -7.247334346175193787e-03 1.284189510345458984e+01
2.076542377471923828e+00 6.951988935470581055e-01 -2.668663859367370605e-02 1.180511093139648438e+01 -9.854383021593093872e-02 1.108220219612121582e+00 1.598265290260314941e+00 1.036600828170776367e+00 -5.203550308942794800e-02 6.786098480224609375e+00 -7.260836195200681686e-03 1.283554458618164062e+01
2.071622610092163086e+00 6.824047565460205078e-01 -2.673750557005405426e-02 1.180604743957519531e+01 -9.871937334537506104e-02 1.116047382354736328e+00 1.607138752937316895e+00 1.021965503692626953e+00 -5.218509584665298462e-02 6.778064727783203125e+00 -7.273050490766763687e-03 1.282946681976318359e+01
2.066550254821777344e+00 6.694030165672302246e-01 -2.678961865603923798e-02 1.180711364746093750e+01 -9.889675676822662354e-02 1.123890161514282227e+00 1.616064667701721191e+00 1.007291674613952637e+00 -5.233778804540634155e-02 6.770042896270751953e+00 -7.284861523658037186e-03 1.282351779937744141e+01
2.061079025268554688e+00 6.555838584899902344e-01 -2.684300206601619720e-02 1.180777740478515625e+01 -9.907979518175125122e-02 1.132097482681274414e+00 1.625487208366394043e+00 9.918614029884338379e-01 -5.249729007482528687e-02 6.761227607727050781e+00 -7.297501433640718460e-03 1.281661128997802734e+01
2.055581808090209961e+00 6.418589353561401367e-01 -2.689552679657936096e-02 1.180839824676513672e+01 -9.925905615091323853e-02 1.140227079391479492e+00 1.634917974472045898e+00 9.766425490379333496e-01 -5.265485495328903198e-02 6.752540588378906250e+00 -7.309347391128540039e-03 1.280958366394042969e+01
2.049634456634521484e+00 6.267020702362060547e-01 -2.697385475039482117e-02 1.181243228912353516e+01 -9.946976602077484131e-02 1.149769544601440430e+00 1.646201014518737793e+00 9.616426825523376465e-01 -5.282787978649139404e-02 6.746747970581054688e+00 -7.307691499590873718e-03 1.280734729766845703e+01
2.043558120727539062e+00 6.116155982017517090e-01 -2.704899571835994720e-02 1.181482601165771484e+01 -9.966508299112319946e-02 1.159090280532836914e+00 1.657285571098327637e+00 9.467744231224060059e-01 -5.299256369471549988e-02 6.740050315856933594e+00 -7.306037005037069321e-03 1.280337429046630859e+01
2.037195444107055664e+00 5.960867404937744141e-01 -2.712229825556278229e-02 1.181606101989746094e+01 -9.985331445932388306e-02 1.168504476547241211e+00 1.668441653251647949e+00 9.317734837532043457e-01 -5.315611883997917175e-02 6.732512474060058594e+00 -7.304411847144365311e-03 1.279785919189453125e+01
2.030842781066894531e+00 5.802846550941467285e-01 -2.720074355602264404e-02 1.181851959228515625e+01 -1.000568866729736328e-01 1.178267478942871094e+00 1.680054306983947754e+00 9.162670969963073730e-01 -5.332826450467109680e-02 6.725484848022460938e+00 -7.302851416170597076e-03 1.279360294342041016e+01
2.025158882141113281e+00 5.658715963363647461e-01 -2.726955153048038483e-02 1.181952285766601562e+01 -1.002302691340446472e-01 1.187222480773925781e+00 1.690814018249511719e+00 9.022046923637390137e-01 -5.347484350204467773e-02 6.718528747558593750e+00 -7.302395999431610107e-03 1.278851509094238281e+01
2.019335508346557617e+00 5.517423152923583984e-01 -2.733075246214866638e-02 1.181885910034179688e+01 -1.003816574811935425e-01 1.195638895034790039e+00 1.701050877571105957e+00 8.889494538307189941e-01 -5.360982194542884827e-02 6.710881233215332031e+00 -7.301216013729572296e-03 1.278157234191894531e+01
2.013019800186157227e+00 5.376290082931518555e-01 -2.739200741052627563e-02 1.182135391235351562e+01 -1.005536690354347229e-01 1.203099608421325684e+00 1.711479425430297852e+00 8.765627741813659668e-01 -5.376443639397621155e-02 6.704374313354492188e+00 -7.294803857803344727e-03 1.277726459503173828e+01
2.006610155105590820e+00 5.234954953193664551e-01 -2.745314687490463257e-02 1.182374191284179688e+01 -1.007246598601341248e-01 1.210606217384338379e+00 1.721990942955017090e+00 8.641057610511779785e-01 -5.391769856214523315e-02 6.697836875915527344e+00 -7.287714164704084396e-03 1.277277278900146484e+01
2.000051259994506836e+00 5.089656710624694824e-01 -2.751396037638187408e-02 1.182577991485595703e+01 -1.008961051702499390e-01 1.218407869338989258e+00 1.732747793197631836e+00 8.513863682746887207e-01 -5.406974256038665771e-02 6.691102027893066406e+00 -7.279306650161743164e-03 1.276788043975830078e+01
1.993603706359863281e+00 4.944418966770172119e-01 -2.757387422025203705e-02 1.182778549194335938e+01 -1.010669767856597900e-01 1.226263165473937988e+00 1.743453621864318848e+00 8.387662768363952637e-01 -5.421972274780273438e-02 6.684479236602783203e+00 -7.270667236298322678e-03 1.276312160491943359e+01
1.987185239791870117e+00 4.799324572086334229e-01 -2.763298526406288147e-02 1.182948493957519531e+01 -1.012349128723144531e-01 1.234048604965209961e+00 1.754058837890625000e+00 8.262283205986022949e-01 -5.436918511986732483e-02 6.677640914916992188e+00 -7.262790109962224960e-03 1.275801181793212891e+01
1.980825543403625488e+00 4.660559296607971191e-01 -2.769387885928153992e-02 1.183231925964355469e+01 -1.013934612274169922e-01 1.241179466247558594e+00 1.764919877052307129e+00 8.144195675849914551e-01 -5.450972542166709900e-02 6.671907424926757812e+00 -7.255166769027709961e-03 1.275281238555908203e+01
1.974312543869018555e+00 4.519860148429870605e-01 -2.775805443525314331e-02 1.183623886108398438e+01 -1.015556231141090393e-01 1.248274207115173340e+00 1.776304364204406738e+00 8.027217984199523926e-01 -5.465352535247802734e-02 6.666790008544921875e+00 -7.247335743159055710e-03 1.274777889251708984e+01
1.968037486076354980e+00 4.387062191963195801e-01 -2.781653776764869690e-02 1.183907699584960938e+01 -1.017012670636177063e-01 1.254870653152465820e+00 1.786922812461853027e+00 7.916371226310729980e-01 -5.478474497795104980e-02 6.661474227905273438e+00 -7.239442784339189529e-03 1.274211788177490234e+01
1.962030172348022461e+00 4.263406991958618164e-01 -2.786802500486373901e-02 1.184061241149902344e+01 -1.018262356519699097e-01 1.260882735252380371e+00 1.796650528907775879e+00 7.813648581504821777e-01 -5.490080267190933228e-02 6.655940055847167969e+00 -7.231357041746377945e-03 1.273561763763427734e+01
1.955885410308837891e+00 4.136911034584045410e-01 -2.792230248451232910e-02 1.184263610839843750e+01 -1.019577831029891968e-01 1.267103433609008789e+00 1.806752562522888184e+00 7.707942128181457520e-01 -5.502063781023025513e-02 6.650541782379150391e+00 -7.222725078463554382e-03 1.272937488555908203e+01
1.949470996856689453e+00 4.003660082817077637e-01 -2.798025868833065033e-02 1.184540748596191406e+01 -1.021004617214202881e-01 1.273686528205871582e+00 1.817458629608154297e+00 7.598534226417541504e-01 -5.514969676733016968e-02 6.645267486572265625e+00 -7.213855627924203873e-03 1.272335338592529297e+01
1.943073749542236328e+00 3.869668543338775635e-01 -2.803856134414672852e-02 1.184836006164550781e+01 -1.022457033395767212e-01 1.280320405960083008e+00 1.828149080276489258e+00 7.489410042762756348e-01 -5.528178066015243530e-02 6.640008926391601562e+00 -7.205529138445854187e-03 1.271750545501708984e+01
1.936703681945800781e+00 3.734816908836364746e-01 -2.809997275471687317e-02 1.185222053527832031e+01 -1.024005785584449768e-01 1.287093281745910645e+00 1.839087367057800293e+00 7.378007769584655762e-01 -5.541883409023284912e-02 6.635178565979003906e+00 -7.197112776339054108e-03 1.271258258819580078e+01
1.930473566055297852e+00 3.600525259971618652e-01 -2.816369384527206421e-02 1.185729980468750000e+01 -1.025643125176429749e-01 1.293945908546447754e+00 1.850213408470153809e+00 7.267754673957824707e-01 -5.556085333228111267e-02 6.631060600280761719e+00 -7.189027965068817139e-03 1.270877838134765625e+01
1.924262762069702148e+00 3.469929099082946777e-01 -2.822470851242542267e-02 1.186211585998535156e+01 -1.027193516492843628e-01 1.300541400909423828e+00 1.861152052879333496e+00 7.161979079246520996e-01 -5.569608509540557861e-02 6.627045631408691406e+00 -7.181083783507347107e-03 1.270445728302001953e+01
1.918423891067504883e+00 3.347669839859008789e-01 -2.828400954604148865e-02 1.186781120300292969e+01 -1.028663292527198792e-01 1.306904911994934082e+00 1.871655344963073730e+00 7.069489359855651855e-01 -5.582607164978981018e-02 6.624020576477050781e+00 -7.171512581408023834e-03 1.270082378387451172e+01
1.912257671356201172e+00 3.231156468391418457e-01 -2.835402265191078186e-02 1.187629699707031250e+01 -1.030143350362777710e-01 1.314022183418273926e+00 1.883364319801330566e+00 6.980769038200378418e-01 -5.594715476036071777e-02 6.622307777404785156e+00 -7.144801318645477295e-03 1.269781208038330078e+01
1.906382560729980469e+00 3.120462298393249512e-01 -2.842056751251220703e-02 1.188440799713134766e+01 -1.031539812684059143e-01 1.320785760879516602e+00 1.894502997398376465e+00 6.897636055946350098e-01 -5.606190487742424011e-02 6.620751380920410156e+00 -7.119194138795137405e-03 1.269492149353027344e+01
1.899344921112060547e+00 2.996920943260192871e-01 -2.848396077752113342e-02 1.189127445220947266e+01 -1.032597422599792480e-01 1.327144265174865723e+00 1.905855655670166016e+00 6.827901005744934082e-01 -5.618416517972946167e-02 6.619157791137695312e+00 -7.072549778968095779e-03 1.269001293182373047e+01
1.892180681228637695e+00 2.874529957771301270e-01 -2.856381423771381378e-02 1.190311431884765625e+01 -1.033894047141075134e-01 1.333671450614929199e+00 1.918851733207702637e+00 6.760050654411315918e-01 -5.632555857300758362e-02 6.620704650878906250e+00 -7.017403841018676758e-03 1.268939590454101562e+01
1.884664535522460938e+00 2.748527228832244873e-01 -2.864483557641506195e-02 1.191483974456787109e+01 -1.035140082240104675e-01 1.340255618095397949e+00 1.932264089584350586e+00 6.694870591163635254e-01 -5.646927654743194580e-02 6.621963977813720703e+00 -6.960389669984579086e-03 1.268788242340087891e+01
1.877530694007873535e+00 2.629024088382720947e-01 -2.872329950332641602e-02 1.192664241790771484e+01 -1.036365553736686707e-01 1.346390604972839355e+00 1.945510983467102051e+00 6.628201603889465332e-01 -5.660588666796684265e-02 6.623937606811523438e+00 -6.905319634824991226e-03 1.268729400634765625e+01
1.869976758956909180e+00 2.505915760993957520e-01 -2.880337648093700409e-02 1.193852043151855469e+01 -1.037585809826850891e-01 1.352579355239868164e+00 1.959217667579650879e+00 6.558800339698791504e-01 -5.674329027533531189e-02 6.625840187072753906e+00 -6.847808137536048889e-03 1.268617534637451172e+01
1.862771272659301758e+00 2.389125227928161621e-01 -2.888165228068828583e-02 1.195045661926269531e+01 -1.038799658417701721e-01 1.358500838279724121e+00 1.972413897514343262e+00 6.491227746009826660e-01 -5.687578395009040833e-02 6.627995014190673828e+00 -6.792362779378890991e-03 1.268573093414306641e+01
1.855307817459106445e+00 2.268042862415313721e-01 -2.896440401673316956e-02 1.196348953247070312e+01 -1.040110066533088684e-01 1.364660382270812988e+00 1.986199975013732910e+00 6.421143412590026855e-01 -5.701654776930809021e-02 6.630576610565185547e+00 -6.734946742653846741e-03 1.268587207794189453e+01
1.848168134689331055e+00 2.152870893478393555e-01 -2.904112450778484344e-02 1.197527313232421875e+01 -1.041301190853118896e-01 1.370448112487792969e+00 1.999177098274230957e+00 6.355307698249816895e-01 -5.714760720729827881e-02 6.632699966430664062e+00 -6.680701859295368195e-03 1.268535995483398438e+01
1.840167760848999023e+00 2.027622163295745850e-01 -2.910746261477470398e-02 1.198243522644042969e+01 -1.042102947831153870e-01 1.376217246055603027e+00 2.012090444564819336e+00 6.290615200996398926e-01 -5.726530775427818298e-02 6.631967544555664062e+00 -6.624622270464897156e-03 1.267905616760253906e+01
1.831935167312622070e+00 1.899853050708770752e-01 -2.917176857590675354e-02 1.198864459991455078e+01 -1.042818725109100342e-01 1.382010340690612793e+00 2.025098800659179688e+00 6.226440072059631348e-01 -5.737892910838127136e-02 6.630699157714843750e+00 -6.567836273461580276e-03 1.267143917083740234e+01
1.823960542678833008e+00 1.792343407869338989e-01 -2.921858243644237518e-02 1.199538230895996094e+01 -1.043399125337600708e-01 1.386146426200866699e+00 2.037202835083007812e+00 6.184791922569274902e-01 -5.746586620807647705e-02 6.629916191101074219e+00 -6.519235204905271530e-03 1.266279029846191406e+01
1.816077709197998047e+00 1.691985726356506348e-01 -2.925696037709712982e-02 1.200018978118896484e+01 -1.043725833296775818e-01 1.390036463737487793e+00 2.049452066421508789e+00 6.150088906288146973e-01 -5.753171816468238831e-02 6.627622127532958984e+00 -6.474218331277370453e-03 1.265067958831787109e+01
1.808120012283325195e+00 1.599295437335968018e-01 -2.929100394248962402e-02 1.200563526153564453e+01 -1.044129282236099243e-01 1.392898201942443848e+00 2.062295675277709961e+00 6.114578843116760254e-01 -5.757001787424087524e-02 6.624803543090820312e+00 -6.427235901355743408e-03 1.263921070098876953e+01
1.799748182296752930e+00 1.504313647747039795e-01 -2.932497113943099976e-02 1.201129531860351562e+01 -1.044540703296661377e-01 1.395608186721801758e+00 2.076059341430664062e+00 6.076146960258483887e-01 -5.760103091597557068e-02 6.621682167053222656e+00 -6.379981990903615952e-03 1.262704563140869141e+01
1.791803836822509766e+00 1.414245814085006714e-01 -2.936433441936969757e-02 1.201918983459472656e+01 -1.045138463377952576e-01 1.398334622383117676e+00 2.089768409729003906e+00 6.037105917930603027e-01 -5.763944983482360840e-02 6.620020866394042969e+00 -6.333591882139444351e-03 1.261780261993408203e+01
1.785026669502258301e+00 1.329043507575988770e-01 -2.940605580806732178e-02 1.202978038787841797e+01 -1.045900583267211914e-01 1.400792002677917480e+00 2.103338003158569336e+00 6.005151867866516113e-01 -5.769613012671470642e-02 6.620393276214599609e+00 -6.300682667642831802e-03 1.261269474029541016e+01
1.779273986816406250e+00 1.244923621416091919e-01 -2.945684082806110382e-02 1.204565238952636719e+01 -1.047018691897392273e-01 1.403283953666687012e+00 2.118144273757934570e+00 5.976529717445373535e-01 -5.778043717145919800e-02 6.623517036437988281e+00 -6.282554939389228821e-03 1.261248874664306641e+01
1.774009346961975098e+00 1.161956191062927246e-01 -2.950409613549709320e-02 1.206108093261718750e+01 -1.048095077276229858e-01 1.406125664710998535e+00 2.133247852325439453e+00 5.946100354194641113e-01 -5.786155164241790771e-02 6.625233650207519531e+00 -6.274017971009016037e-03 1.260948467254638672e+01
1.768300294876098633e+00 1.073245406150817871e-01 -2.954621799290180206e-02 1.207430744171142578e+01 -1.048977896571159363e-01 1.408990144729614258e+00 2.148574352264404297e+00 5.916413664817810059e-01 -5.793587863445281982e-02 6.625340461730957031e+00 -6.265710573643445969e-03 1.260319995880126953e+01
1.761480331420898438e+00 9.694007039070129395e-02 -2.958774939179420471e-02 1.208670997619628906e+01 -1.049757525324821472e-01 1.412177443504333496e+00 2.165803670883178711e+00 5.883631110191345215e-01 -5.801010504364967346e-02 6.623835086822509766e+00 -6.256099790334701538e-03 1.259288406372070312e+01
1.754571318626403809e+00 8.661657571792602539e-02 -2.962560392916202545e-02 1.209759998321533203e+01 -1.050404012203216553e-01 1.415276408195495605e+00 2.182615756988525391e+00 5.852449536323547363e-01 -5.807714164257049561e-02 6.621634960174560547e+00 -6.245971657335758209e-03 1.258113861083984375e+01
1.748418807983398438e+00 7.726022601127624512e-02 -2.965866215527057648e-02 1.210698032379150391e+01 -1.050950586795806885e-01 1.418099284172058105e+00 2.197525262832641602e+00 5.827023386955261230e-01 -5.813664197921752930e-02 6.619540214538574219e+00 -6.236785557121038437e-03 1.257030105590820312e+01
1.741967558860778809e+00 6.765559315681457520e-02 -2.968979813158512115e-02 1.211508178710937500e+01 -1.051361709833145142e-01 1.421042561531066895e+00 2.212506771087646484e+00 5.802848935127258301e-01 -5.818846449255943298e-02 6.616775035858154297e+00 -6.225946359336376190e-03 1.255744361877441406e+01
1.735677480697631836e+00 5.831843614578247070e-02 -2.971789799630641937e-02 1.212208366394042969e+01 -1.051688268780708313e-01 1.423897862434387207e+00 2.226876258850097656e+00 5.780045390129089355e-01 -5.823527276515960693e-02 6.613638877868652344e+00 -6.215619854629039764e-03 1.254405879974365234e+01
1.729138731956481934e+00 4.863435029983520508e-02 -2.974249981343746185e-02 1.212764644622802734e+01 -1.051890254020690918e-01 1.426803708076477051e+00 2.241361856460571289e+00 5.757707953453063965e-01 -5.827747285366058350e-02 6.609463691711425781e+00 -6.205640733242034912e-03 1.252852439880371094e+01
1.722815513610839844e+00 3.917703032493591309e-02 -2.976844273507595062e-02 1.213378429412841797e+01 -1.052143424749374390e-01 1.429711937904357910e+00 2.255635023117065430e+00 5.736030936241149902e-01 -5.832186713814735413e-02 6.605827331542968750e+00 -6.195926573127508163e-03 1.251408958435058594e+01
1.716374635696411133e+00 2.942787110805511475e-02 -2.979532629251480103e-02 1.214024734497070312e+01 -1.052420139312744141e-01 1.432764887809753418e+00 2.270344734191894531e+00 5.714135766029357910e-01 -5.836861580610275269e-02 6.602148532867431641e+00 -6.186253856867551804e-03 1.249934482574462891e+01
1.709622979164123535e+00 1.916290819644927979e-02 -2.982011064887046814e-02 1.214563083648681641e+01 -1.052597239613533020e-01 1.435957551002502441e+00 2.285452127456665039e+00 5.692946314811706543e-01 -5.841303244233131409e-02 6.597533226013183594e+00 -6.176673807203769684e-03 1.248250293731689453e+01
1.705785512924194336e+00 7.780134677886962891e-03 -2.984620258212089539e-02 1.215022850036621094e+01 -1.053106486797332764e-01 1.439087271690368652e+00 2.300718307495117188e+00 5.662141442298889160e-01 -5.843944102525711060e-02 6.591856956481933594e+00 -6.155224982649087906e-03 1.247269916534423828e+01
1.702107429504394531e+00 -4.453256769920699298e-05 -2.987122721970081329e-02 1.215373992919921875e+01 -1.053591594099998474e-01 1.442315578460693359e+00 2.316675901412963867e+00 5.628004670143127441e-01 -5.845887213945388794e-02 6.585108757019042969e+00 -6.130134221166372299e-03 1.246230506896972656e+01
1.698048591613769531e+00 -1.788751687854528427e-04 -2.988804318010807037e-02 1.215377426147460938e+01 -1.053815558552742004e-01 1.445692896842956543e+00 2.333195686340332031e+00 5.593790411949157715e-01 -5.846621468663215637e-02 6.575705528259277344e+00 -6.104759406298398972e-03 1.244725227355957031e+01
1.693559885025024414e+00 -3.274048794992268085e-04 -2.990244142711162567e-02 1.215231895446777344e+01 -1.053937971591949463e-01 1.449405550956726074e+00 2.350990295410156250e+00 5.558119416236877441e-01 -5.846865102648735046e-02 6.564686775207519531e+00 -6.077607627958059311e-03 1.242924785614013672e+01
1.689352273941040039e+00 -4.686151223722845316e-04 -2.991477027535438538e-02 1.215050315856933594e+01 -1.054021045565605164e-01 1.452982664108276367e+00 2.367742538452148438e+00 5.525367856025695801e-01 -5.846958979964256287e-02 6.553990364074707031e+00 -6.052291952073574066e-03 1.241169357299804688e+01
1.684278368949890137e+00 -6.393425283022224903e-04 -2.992819435894489288e-02 1.214751052856445312e+01 -1.054036691784858704e-01 1.457785248756408691e+00 2.387573957443237305e+00 5.491300225257873535e-01 -5.846286192536354065e-02 6.541184425354003906e+00 -6.017676554620265961e-03 1.238950252532958984e+01
1.678784370422363281e+00 -8.255897555500268936e-04 -2.995182760059833527e-02 1.214675521850585938e+01 -1.054188385605812073e-01 1.463688015937805176e+00 2.409587144851684570e+00 5.462382435798645020e-01 -5.846009030938148499e-02 6.530412673950195312e+00 -5.968279670923948288e-03 1.236860179901123047e+01
1.673277616500854492e+00 -1.005191006697714329e-03 -2.997661195695400238e-02 1.214616394042968750e+01 -1.054323464632034302e-01 1.469426512718200684e+00 2.431122303009033203e+00 5.432093739509582520e-01 -5.845470726490020752e-02 6.520215034484863281e+00 -5.918366834521293640e-03 1.234842300415039062e+01
1.667723059654235840e+00 -1.186618930660188198e-03 -3.000787645578384399e-02 1.214700508117675781e+01 -1.054523289203643799e-01 1.475530028343200684e+00 2.453376770019531250e+00 5.400541424751281738e-01 -5.845427885651588440e-02 6.511003494262695312e+00 -5.867112893611192703e-03 1.232934284210205078e+01
1.662591457366943359e+00 -1.358541543595492840e-03 -3.003965504467487335e-02 1.214865493774414062e+01 -1.054765358567237854e-01 1.481344342231750488e+00 2.474464654922485352e+00 5.372715592384338379e-01 -5.846007540822029114e-02 6.502769470214843750e+00 -5.819940008223056793e-03 1.231215953826904297e+01
1.657052040100097656e+00 -1.545061706565320492e-03 -3.006873838603496552e-02 1.214864158630371094e+01 -1.054890528321266174e-01 1.487573266029357910e+00 2.496855735778808594e+00 5.344040989875793457e-01 -5.845998227596282959e-02 6.492802619934082031e+00 -5.770272109657526016e-03 1.229176616668701172e+01
1.651522636413574219e+00 -1.732795499265193939e-03 -3.010016307234764099e-02 1.214947509765625000e+01 -1.055086776614189148e-01 1.493903517723083496e+00 2.519586563110351562e+00 5.314833521842956543e-01 -5.846325308084487915e-02 6.483248233795166016e+00 -5.720015615224838257e-03 1.227208232879638672e+01
1.647008538246154785e+00 -1.903517753817141056e-03 -3.012513183057308197e-02 1.215043830871582031e+01 -1.055309772491455078e-01 1.500921845436096191e+00 2.541661977767944336e+00 5.280515551567077637e-01 -5.845009163022041321e-02 6.473440170288085938e+00 -5.670871119946241379e-03 1.225200557708740234e+01
1.642921447753906250e+00 -2.071291673928499222e-03 -3.015160746872425079e-02 1.215322494506835938e+01 -1.055673286318778992e-01 1.508150219917297363e+00 2.562698125839233398e+00 5.254115462303161621e-01 -5.844783782958984375e-02 6.465432167053222656e+00 -5.624292884021997452e-03 1.223431777954101562e+01
1.638638854026794434e+00 -2.245597774162888527e-03 -3.019126132130622864e-02 1.216066932678222656e+01 -1.056382656097412109e-01 1.515745520591735840e+00 2.585266590118408203e+00 5.229122042655944824e-01 -5.846024304628372192e-02 6.460162162780761719e+00 -5.574061535298824310e-03 1.222032070159912109e+01
1.634365916252136230e+00 -2.422516932711005211e-03 -3.023408353328704834e-02 1.216923046112060547e+01 -1.057174578309059143e-01 1.523553133010864258e+00 2.608218908309936523e+00 5.205683112144470215e-01 -5.847771838307380676e-02 6.455565452575683594e+00 -5.522490013390779495e-03 1.220721340179443359e+01
1.630007028579711914e+00 -2.600792795419692993e-03 -3.027322888374328613e-02 1.217630958557128906e+01 -1.057863086462020874e-01 1.531376600265502930e+00 2.630985021591186523e+00 5.183408856391906738e-01 -5.849009007215499878e-02 6.449944496154785156e+00 -5.469525698572397232e-03 1.219257640838623047e+01
1.624965429306030273e+00 -2.785291988402605057e-03 -3.030684590339660645e-02 1.218053054809570312e+01 -1.058274656534194946e-01 1.539036393165588379e+00 2.654181957244873047e+00 5.159853100776672363e-01 -5.849106982350349426e-02 6.442851066589355469e+00 -5.411739461123943329e-03 1.217496585845947266e+01
1.619949579238891602e+00 -2.953351009637117386e-03 -3.033726103603839874e-02 1.218412590026855469e+01 -1.058585718274116516e-01 1.546126246452331543e+00 2.675774097442626953e+00 5.136908888816833496e-01 -5.848932266235351562e-02 6.436851978302001953e+00 -5.352780688554048538e-03 1.215891456604003906e+01
1.614914655685424805e+00 -3.104914911091327667e-03 -3.036294132471084595e-02 1.218852233886718750e+01 -1.059126555919647217e-01 1.556730508804321289e+00 2.697393417358398438e+00 5.123450160026550293e-01 -5.850779265165328979e-02 6.430289268493652344e+00 -5.283675156533718109e-03 1.214339542388916016e+01
1.610194444656372070e+00 -3.247901098802685738e-03 -3.038909286260604858e-02 1.219444656372070312e+01 -1.059766635298728943e-01 1.566398739814758301e+00 2.717645168304443359e+00 5.112028717994689941e-01 -5.853135883808135986e-02 6.425425052642822266e+00 -5.220414139330387115e-03 1.213078212738037109e+01
1.605351686477661133e+00 -3.393790451809763908e-03 -3.041866421699523926e-02 1.220246887207031250e+01 -1.060573831200599670e-01 1.576005339622497559e+00 2.738336563110351562e+00 5.100730061531066895e-01 -5.856150388717651367e-02 6.421814441680908203e+00 -5.156203173100948334e-03 1.212008190155029297e+01
1.599936008453369141e+00 -3.553786780685186386e-03 -3.045993112027645111e-02 1.221471691131591797e+01 -1.061756685376167297e-01 1.587092757225036621e+00 2.762014865875244141e+00 5.087278485298156738e-01 -5.860430747270584106e-02 6.419713973999023438e+00 -5.078431218862533569e-03 1.211151504516601562e+01
1.594518661499023438e+00 -3.711899509653449059e-03 -3.049940057098865509e-02 1.222614097595214844e+01 -1.062869355082511902e-01 1.598076343536376953e+00 2.785309553146362305e+00 5.074624419212341309e-01 -5.864448845386505127e-02 6.417242050170898438e+00 -5.001272074878215790e-03 1.210239505767822266e+01
1.589523315429687500e+00 -3.862983547151088715e-03 -3.054242953658103943e-02 1.223887062072753906e+01 -1.064091175794601440e-01 1.608756661415100098e+00 2.807912588119506836e+00 5.062926411628723145e-01 -5.869191512465476990e-02 6.415810585021972656e+00 -4.928228445351123810e-03 1.209553241729736328e+01
1.585162639617919922e+00 -4.011752083897590637e-03 -3.059737384319305420e-02 1.225480175018310547e+01 -1.065649837255477905e-01 1.622079491615295410e+00 2.832530975341796875e+00 5.056032538414001465e-01 -5.875218659639358521e-02 6.414384365081787109e+00 -4.854838829487562180e-03 1.208912944793701172e+01
1.581038355827331543e+00 -4.153798799961805344e-03 -3.065359778702259064e-02 1.227127075195312500e+01 -1.067238003015518188e-01 1.634834527969360352e+00 2.856339216232299805e+00 5.048661828041076660e-01 -5.881419405341148376e-02 6.413708686828613281e+00 -4.784246906638145447e-03 1.208422946929931641e+01
1.576904535293579102e+00 -4.296358209103345871e-03 -3.070847876369953156e-02 1.228730773925781250e+01 -1.068796440958976746e-01 1.647709012031555176e+00 2.880100250244140625e+00 5.042573809623718262e-01 -5.887543410062789917e-02 6.412732124328613281e+00 -4.713417030870914459e-03 1.207882022857666016e+01
1.572488307952880859e+00 -4.446740262210369110e-03 -3.076161257922649384e-02 1.230261230468750000e+01 -1.070313230156898499e-01 1.661318778991699219e+00 2.904856920242309570e+00 5.037444233894348145e-01 -5.893417820334434509e-02 6.410742282867431641e+00 -4.638963378965854645e-03 1.207144832611083984e+01
1.568421363830566406e+00 -4.591038916260004044e-03 -3.081252425909042358e-02 1.231766510009765625e+01 -1.071805283427238464e-01 1.674476027488708496e+00 2.928582429885864258e+00 5.033951401710510254e-01 -5.899386107921600342e-02 6.409015655517578125e+00 -4.568412434309720993e-03 1.206480216979980469e+01
1.564042329788208008e+00 -4.743649158626794815e-03 -3.085811249911785126e-02 1.233169555664062500e+01 -1.073255985975265503e-01 1.688169836997985840e+00 2.952872037887573242e+00 5.033151507377624512e-01 -5.904870480298995972e-02 6.406353950500488281e+00 -4.492876119911670685e-03 1.205620098114013672e+01
1.560282468795776367e+00 -4.880459047853946686e-03 -3.090086206793785095e-02 1.234520149230957031e+01 -1.074643433094024658e-01 1.700495123863220215e+00 2.974566221237182617e+00 5.034057497978210449e-01 -5.910392478108406067e-02 6.404565811157226562e+00 -4.426047205924987793e-03 1.204965686798095703e+01
1.556274890899658203e+00 -5.023733712732791901e-03 -3.093603812158107758e-02 1.235611534118652344e+01 -1.075850725173950195e-01 1.713416457176208496e+00 2.996511220932006836e+00 5.038425326347351074e-01 -5.915171653032302856e-02 6.400813102722167969e+00 -4.357395227998495102e-03 1.203966045379638672e+01
1.552233934402465820e+00 -5.166882183402776718e-03 -3.097042255103588104e-02 1.236668205261230469e+01 -1.077027618885040283e-01 1.726332426071166992e+00 3.018362045288085938e+00 5.043209195137023926e-01 -5.919804424047470093e-02 6.396889686584472656e+00 -4.288698546588420868e-03 1.202932071685791016e+01
