-1.133883953094482422e+00 -2.039903588593006134e-02 -4.767366126179695129e-02
-1.087942361831665039e+00 -1.292264927178621292e-02 -4.614457860589027405e-02
-1.044651746749877930e+00 -5.692501552402973175e-03 -4.477375745773315430e-02
-9.966402053833007812e-01 1.798925101757049561e-01 -4.319823160767555237e-02
-9.410182237625122070e-01 9.893059134483337402e-01 -4.204146191477775574e-02
-8.838689923286437988e-01 1.840703964233398438e+00 -4.091990366578102112e-02
-8.226988315582275391e-01 2.790609359741210938e+00 -3.985396400094032288e-02
-7.443226575851440430e-01 3.445292472839355469e+00 -3.875663504004478455e-02
-6.585435867309570312e-01 3.688419818878173828e+00 -3.891214355826377869e-02
-5.723744034767150879e-01 3.907545804977416992e+00 -3.909844160079956055e-02
-4.857475161552429199e-01 4.365112304687500000e+00 -3.671543672680854797e-02
-4.002651870250701904e-01 4.917425632476806641e+00 -3.300816938281059265e-02
-3.134441077709197998e-01 5.113887310028076172e+00 -2.747535146772861481e-02
-2.197428792715072632e-01 5.334948539733886719e+00 -2.411256916821002960e-02
-1.332182139158248901e-01 5.477028846740722656e+00 -2.179903909564018250e-02
-6.433478742837905884e-02 5.594453811645507812e+00 -2.123394049704074860e-02
-3.308947663754224777e-03 5.661632537841796875e+00 -2.374848350882530212e-02
1.851277947425842285e+00 5.366624355316162109e+00 -2.336483448743820190e-02
2.637539386749267578e+00 5.116765022277832031e+00 -2.176649495959281921e-02
3.177537441253662109e+00 4.824375152587890625e+00 -2.073229290544986725e-02
3.651502609252929688e+00 4.509171009063720703e+00 -1.968342438340187073e-02
4.026029586791992188e+00 4.218839645385742188e+00 -1.871638000011444092e-02
4.404069423675537109e+00 3.924450397491455078e+00 -1.772483624517917633e-02
4.850143909454345703e+00 3.554762601852416992e+00 -1.606503687798976898e-02
5.180137634277343750e+00 3.205107450485229492e+00 -1.448267232626676559e-02
5.379940986633300781e+00 2.845342636108398438e+00 -1.291812956333160400e-02
5.590773582458496094e+00 2.440783500671386719e+00 -1.124064996838569641e-02
5.803653717041015625e+00 2.053408145904541016e+00 -9.542897343635559082e-03
5.994941234588623047e+00 1.715443134307861328e+00 -7.667827885597944260e-03
6.145041942596435547e+00 1.349128961563110352e+00 -5.664564669132232666e-03
6.196356773376464844e+00 1.046107888221740723e+00 -4.459701944142580032e-03
6.323829650878906250e+00 6.391869783401489258e-01 -2.270408207550644875e-03
6.379873275756835938e+00 1.127043440937995911e-01 -4.573700949549674988e-03
6.542879581451416016e+00 -2.527742385864257812e-01 -1.532242167741060257e-02
6.461900234222412109e+00 -6.524394154548645020e-01 -2.155447192490100861e-02
6.449668407440185547e+00 -1.041045427322387695e+00 -2.512538433074951172e-02
6.430007457733154297e+00 -1.454003572463989258e+00 -2.850989811122417450e-02
6.362082958221435547e+00 -1.868514418601989746e+00 -3.154409676790237427e-02
6.400496959686279297e+00 -2.262466669082641602e+00 -3.537273779511451721e-02
6.296817302703857422e+00 -2.680647134780883789e+00 -3.755100816488265991e-02
6.178767681121826172e+00 -3.078255653381347656e+00 -3.931384906172752380e-02
6.055076122283935547e+00 -3.477856397628784180e+00 -4.105332121253013611e-02
5.836493968963623047e+00 -3.870051383972167969e+00 -4.506300017237663269e-02
5.602614879608154297e+00 -4.277086734771728516e+00 -5.020221695303916931e-02
5.394187450408935547e+00 -4.688282489776611328e+00 -5.553678423166275024e-02
5.174544811248779297e+00 -5.073939800262451172e+00 -6.074195727705955505e-02
4.883796215057373047e+00 -5.391965866088867188e+00 -6.356602162122726440e-02
4.658721446990966797e+00 -5.605104923248291016e+00 -6.530355662107467651e-02
4.445044994354248047e+00 -5.806177139282226562e+00 -6.770496070384979248e-02
4.225707530975341797e+00 -6.002317428588867188e+00 -7.020658999681472778e-02
4.009444713592529297e+00 -6.188535213470458984e+00 -7.269177585840225220e-02
3.793097972869873047e+00 -6.375320434570312500e+00 -7.518421858549118042e-02
3.568320751190185547e+00 -6.561996459960937500e+00 -7.770224660634994507e-02
3.334914684295654297e+00 -6.749231815338134766e+00 -8.022633194923400879e-02
3.069793224334716797e+00 -6.934904098510742188e+00 -8.262255787849426270e-02
2.789901256561279297e+00 -7.095464229583740234e+00 -8.447504788637161255e-02
2.512206554412841797e+00 -7.240753173828125000e+00 -8.580517768859863281e-02
2.225677013397216797e+00 -7.383469581604003906e+00 -8.713582158088684082e-02
1.957503914833068848e+00 -7.510387420654296875e+00 -8.816409111022949219e-02
1.687896370887756348e+00 -7.631793022155761719e+00 -8.908337354660034180e-02
1.407180428504943848e+00 -7.751733303070068359e+00 -9.002935886383056641e-02
1.117705941200256348e+00 -7.859456539154052734e+00 -9.104879945516586304e-02
7.795405983924865723e-01 -7.955777645111083984e+00 -9.190806001424789429e-02
2.117458134889602661e-01 -8.044781684875488281e+00 -9.035962074995040894e-02
-1.187582388520240784e-01 -8.115731239318847656e+00 -9.515912085771560669e-02
-3.451795876026153564e-01 -8.180599212646484375e+00 -9.052222222089767456e-02
-5.949329733848571777e-01 -8.238680839538574219e+00 -8.547524362802505493e-02
-8.687831163406372070e-01 -8.285502433776855469e+00 -8.372311294078826904e-02
-1.216984868049621582e+00 -8.281713485717773438e+00 -9.160114824771881104e-02
-1.606068491935729980e+00 -8.244060516357421875e+00 -8.435900509357452393e-02
-1.993566036224365234e+00 -8.209622383117675781e+00 -7.439276576042175293e-02
-2.363766908645629883e+00 -8.168682098388671875e+00 -7.288157194852828979e-02
-2.624269008636474609e+00 -8.123311996459960938e+00 -7.217009365558624268e-02
-2.852077484130859375e+00 -8.076748847961425781e+00 -7.148207724094390869e-02
-3.080936193466186523e+00 -8.029688835144042969e+00 -7.078699767589569092e-02
-3.310168266296386719e+00 -7.981149673461914062e+00 -7.009020447731018066e-02
-3.542089462280273438e+00 -7.926975727081298828e+00 -6.932623684406280518e-02
-3.777786970138549805e+00 -7.857344150543212891e+00 -6.841719150543212891e-02
-4.014919757843017578e+00 -7.782472133636474609e+00 -6.737799197435379028e-02
-4.252495765686035156e+00 -7.702267169952392578e+00 -6.621169298887252808e-02
-4.481609344482421875e+00 -7.613716125488281250e+00 -6.601088494062423706e-02
-4.709641933441162109e+00 -7.521951675415039062e+00 -6.316206604242324829e-02
-4.936698913574218750e+00 -7.420239925384521484e+00 -5.800688639283180237e-02
-5.164415359497070312e+00 -7.318499565124511719e+00 -5.391768366098403931e-02
-5.386309623718261719e+00 -7.222087860107421875e+00 -5.325430631637573242e-02
-5.602685928344726562e+00 -7.121749877929687500e+00 -5.264822766184806824e-02
-5.822697639465332031e+00 -7.004820823669433594e+00 -5.269286036491394043e-02
-6.045129299163818359e+00 -6.883482933044433594e+00 -5.282004177570343018e-02
-6.268197059631347656e+00 -6.758284568786621094e+00 -5.317717418074607849e-02
-6.484836101531982422e+00 -6.623714923858642578e+00 -5.612562969326972961e-02
-6.683369636535644531e+00 -6.502949714660644531e+00 -5.732527747750282288e-02
-6.878159523010253906e+00 -6.383801937103271484e+00 -5.729201063513755798e-02
-7.071770668029785156e+00 -6.264240741729736328e+00 -5.725371092557907104e-02
-7.273612976074218750e+00 -6.123086929321289062e+00 -5.713156610727310181e-02
-7.480081081390380859e+00 -5.971719741821289062e+00 -5.697287246584892273e-02
-7.688336849212646484e+00 -5.813928604125976562e+00 -5.695196986198425293e-02
-7.897794723510742188e+00 -5.649862766265869141e+00 -5.696509405970573425e-02
-8.107600212097167969e+00 -5.483716964721679688e+00 -5.689131468534469604e-02
-8.319151878356933594e+00 -5.308600425720214844e+00 -5.656218528747558594e-02
-8.533043861389160156e+00 -5.115472793579101562e+00 -5.617079511284828186e-02
-8.728159904479980469e+00 -4.929068565368652344e+00 -5.575178936123847961e-02
-8.825313568115234375e+00 -4.777129650115966797e+00 -5.517683923244476318e-02
-8.924221038818359375e+00 -4.621977806091308594e+00 -5.484221503138542175e-02
-9.024774551391601562e+00 -4.463638305664062500e+00 -5.484785884618759155e-02
-9.128803253173828125e+00 -4.291339397430419922e+00 -5.472914502024650574e-02
-9.233983993530273438e+00 -4.114619255065917969e+00 -5.457533895969390869e-02
-9.338982582092285156e+00 -3.938479423522949219e+00 -5.442290008068084717e-02
-9.443527221679687500e+00 -3.761466026306152344e+00 -5.426527932286262512e-02
-9.548522949218750000e+00 -3.585326433181762695e+00 -5.411299690604209900e-02
-9.653519630432128906e+00 -3.409189939498901367e+00 -5.396056175231933594e-02
-9.758668899536132812e+00 -3.231521606445312500e+00 -5.356688424944877625e-02
-9.863266944885253906e+00 -3.049677371978759766e+00 -5.305174738168716431e-02
-9.966917991638183594e+00 -2.852525949478149414e+00 -5.253950878977775574e-02
-1.006427764892578125e+01 -2.656694889068603516e+00 -5.210280418395996094e-02
-1.015983104705810547e+01 -2.463293790817260742e+00 -5.269713327288627625e-02
-1.025287914276123047e+01 -2.276063442230224609e+00 -5.531523749232292175e-02
-1.034487533569335938e+01 -2.079864263534545898e+00 -5.801543220877647400e-02
-1.043698692321777344e+01 -1.881711959838867188e+00 -6.072814017534255981e-02
-1.052757644653320312e+01 -1.682545423507690430e+00 -6.204039603471755981e-02
-1.061271476745605469e+01 -1.484284996986389160e+00 -5.783735960721969604e-02
-1.069561767578125000e+01 -1.301019310951232910e+00 -5.343947187066078186e-02
-1.077449226379394531e+01 -1.128389239311218262e+00 -4.911772534251213074e-02
-1.084960651397705078e+01 -9.688876271247863770e-01 -5.102873593568801880e-02
-1.092425251007080078e+01 -8.085978627204895020e-01 -5.352248251438140869e-02
-1.099859619140625000e+01 -6.476944088935852051e-01 -5.607222393155097961e-02
-1.107724666595458984e+01 -4.711015224456787109e-01 -5.896544456481933594e-02
-1.114798831939697266e+01 -3.047680556774139404e-01 -6.141569837927818298e-02
-1.121169185638427734e+01 -1.350291371345520020e-01 -5.983901023864746094e-02
-1.127941608428955078e+01 -1.290785800665616989e-02 -5.772719159722328186e-02
-1.133903694152832031e+01 1.348886191844940186e-01 -5.851439386606216431e-02
-1.137552356719970703e+01 4.105844199657440186e-01 -5.829222500324249268e-02
-1.140011692047119141e+01 6.061715483665466309e-01 -5.812651664018630981e-02
-1.142325687408447266e+01 7.865762114524841309e-01 -5.797804519534111023e-02
-1.144641590118408203e+01 9.676217436790466309e-01 -5.782957747578620911e-02
-1.146869945526123047e+01 1.149552345275878906e+00 -5.767485499382019043e-02
-1.149165248870849609e+01 1.332245826721191406e+00 -5.752272531390190125e-02
-1.151335620880126953e+01 1.523484230041503906e+00 -5.735091120004653931e-02
-1.153514385223388672e+01 1.714142799377441406e+00 -5.718077346682548523e-02
-1.155693531036376953e+01 1.904801368713378906e+00 -5.701048672199249268e-02
-1.157863903045654297e+01 2.096024513244628906e+00 -5.683882534503936768e-02
-1.160035419464111328e+01 2.288193702697753906e+00 -5.666792765259742737e-02
-1.161758995056152344e+01 2.478135108947753906e+00 -5.647795647382736206e-02
-1.162183284759521484e+01 2.658890724182128906e+00 -5.623793601989746094e-02
-1.162422561645507812e+01 2.840897560119628906e+00 -5.598707869648933411e-02
-1.162735843658447266e+01 3.022599220275878906e+00 -5.574034526944160461e-02
-1.162941741943359375e+01 3.208832740783691406e+00 -5.548308417201042175e-02
-1.163104724884033203e+01 3.396058082580566406e+00 -5.522108823060989380e-02
-1.163267517089843750e+01 3.583222389221191406e+00 -5.495940148830413818e-02
-1.163415718078613281e+01 3.770936012268066406e+00 -5.469603464007377625e-02
-1.163565635681152344e+01 3.960129737854003906e+00 -5.443098768591880798e-02
-1.163591766357421875e+01 4.155823707580566406e+00 -5.415083840489387512e-02
-1.162542057037353516e+01 4.305649757385253906e+00 -5.387663841247558594e-02
-1.161223125457763672e+01 4.452683448791503906e+00 -5.359236523509025574e-02
-1.159955024719238281e+01 4.602845191955566406e+00 -5.330367013812065125e-02
-1.158654499053955078e+01 4.753907203674316406e+00 -5.301222577691078186e-02
-1.156689262390136719e+01 4.908051490783691406e+00 -5.268416181206703186e-02
-1.154140377044677734e+01 5.063538551330566406e+00 -5.232573300600051880e-02
-1.151611042022705078e+01 5.218689918518066406e+00 -5.196883156895637512e-02
-1.149081993103027344e+01 5.373795509338378906e+00 -5.161177366971969604e-02
-1.146532821655273438e+01 5.529313087463378906e+00 -5.125319212675094604e-02
-1.143986415863037109e+01 5.684067726135253906e+00 -5.089720711112022400e-02
-1.141352558135986328e+01 5.838639259338378906e+00 -5.053694546222686768e-02
-1.138799667358398438e+01 5.993210792541503906e+00 -5.018141493201255798e-02
-1.136107063293457031e+01 6.150910377502441406e+00 -4.981535673141479492e-02
-1.133410453796386719e+01 6.308808326721191406e+00 -4.944960400462150574e-02
-1.130686950683593750e+01 6.467774391174316406e+00 -4.908080026507377625e-02
-1.127942752838134766e+01 6.629441261291503906e+00 -4.870741814374923706e-02
-1.125123119354248047e+01 6.793381690979003906e+00 -4.832549020648002625e-02
-1.120608139038085938e+01 6.927262306213378906e+00 -4.790587350726127625e-02
-1.116139984130859375e+01 7.061570167541503906e+00 -4.748778417706489563e-02
-1.111594486236572266e+01 7.196061134338378906e+00 -4.706587642431259155e-02
-1.107129573822021484e+01 7.332703590393066406e+00 -4.664412513375282288e-02
-1.102564525604248047e+01 7.473633766174316406e+00 -4.620970785617828369e-02
-1.097777462005615234e+01 7.618348121643066406e+00 -4.575926810503005981e-02
-1.092888641357421875e+01 7.764069557189941406e+00 -4.530211165547370911e-02
-1.088025856018066406e+01 7.909516334533691406e+00 -4.484724998474121094e-02
-1.083148860931396484e+01 8.057267189025878906e+00 -4.439055174589157104e-02
-1.078434944152832031e+01 8.203782081604003906e+00 -4.394331946969032288e-02
-1.073818302154541016e+01 8.349106788635253906e+00 -4.350325465202331543e-02
-1.068946743011474609e+01 8.497254371643066406e+00 -4.304808378219604492e-02
-1.064085960388183594e+01 8.647492408752441406e+00 -4.259062558412551880e-02
-1.059178924560546875e+01 8.790390968322753906e+00 -4.212172329425811768e-02
-1.054298782348632812e+01 8.932648658752441406e+00 -4.165480658411979675e-02
-1.049373245239257812e+01 9.076050758361816406e+00 -4.118437692523002625e-02
-1.044420909881591797e+01 9.221405982971191406e+00 -4.070891439914703369e-02
-1.039433193206787109e+01 9.367814064025878906e+00 -4.022932797670364380e-02
-1.034351158142089844e+01 9.512787818908691406e+00 -3.974699974060058594e-02
-1.028158664703369141e+01 9.639405250549316406e+00 -3.923521935939788818e-02
-1.021859931945800781e+01 9.767350196838378906e+00 -3.871489316225051880e-02
-1.015632247924804688e+01 9.896103858947753906e+00 -3.819624707102775574e-02
-1.009375667572021484e+01 1.002514743804931641e+01 -3.767607733607292175e-02
-1.003147983551025391e+01 1.015387058258056641e+01 -3.715743124485015869e-02
-9.968708038330078125e+00 1.028419589996337891e+01 -3.663008660078048706e-02
-9.905976295471191406e+00 1.041770267486572266e+01 -3.613676875829696655e-02
-9.845984458923339844e+00 1.054773044586181641e+01 -3.568129613995552063e-02
-9.789356231689453125e+00 1.067296695709228516e+01 -3.525557368993759155e-02
-9.732726097106933594e+00 1.079817295074462891e+01 -3.482985496520996094e-02
-9.675830841064453125e+00 1.092366886138916016e+01 -3.440276160836219788e-02
-9.617431640625000000e+00 1.104706668853759766e+01 -3.396940976381301880e-02
-9.559310913085937500e+00 1.116571140289306641e+01 -3.354002907872200012e-02
-9.501456260681152344e+00 1.128411197662353516e+01 -3.311186656355857849e-02
-9.441501617431640625e+00 1.140181064605712891e+01 -3.267531469464302063e-02
-9.380915641784667969e+00 1.152021884918212891e+01 -3.223494440317153931e-02
-9.317469596862792969e+00 1.163420200347900391e+01 -3.178725019097328186e-02
-9.251122474670410156e+00 1.173662662506103516e+01 -3.134550899267196655e-02
-9.184560775756835938e+00 1.183887577056884766e+01 -3.090559877455234528e-02
-9.117299079895019531e+00 1.193975925445556641e+01 -3.046736679971218109e-02
-9.047873497009277344e+00 1.206064701080322266e+01 -3.025359101593494415e-02
-8.977828025817871094e+00 1.218070316314697266e+01 -3.009551018476486206e-02
-8.908078193664550781e+00 1.230052280426025391e+01 -2.993788570165634155e-02
-8.838029861450195312e+00 1.242054843902587891e+01 -2.977934852242469788e-02
-8.768279075622558594e+00 1.254039859771728516e+01 -2.962187677621841431e-02
-8.698232650756835938e+00 1.266043186187744141e+01 -2.946364320814609528e-02
-8.628482818603515625e+00 1.278025150299072266e+01 -2.930602058768272400e-02
-8.558434486389160156e+00 1.290030765533447266e+01 -2.914763428270816803e-02
-8.488633155822753906e+00 1.302030277252197266e+01 -2.898985706269741058e-02
-8.418102264404296875e+00 1.314064884185791016e+01 -2.882918342947959900e-02
-8.347678184509277344e+00 1.326201725006103516e+01 -2.866911888122558594e-02
-8.277408599853515625e+00 1.338288211822509766e+01 -2.850752696394920349e-02
-8.205023765563964844e+00 1.349278354644775391e+01 -2.833197452127933502e-02
-8.126373291015625000e+00 1.358802890777587891e+01 -2.814535982906818390e-02
-8.046914100646972656e+00 1.367727756500244141e+01 -2.797804772853851318e-02
-7.967776298522949219e+00 1.376634311676025391e+01 -2.781149744987487793e-02
-7.891444683074951172e+00 1.385536289215087891e+01 -2.764609269797801971e-02
-7.811694145202636719e+00 1.394535160064697266e+01 -2.747008204460144043e-02
-7.730781555175781250e+00 1.403539371490478516e+01 -2.729010581970214844e-02
-7.649425983428955078e+00 1.412699985504150391e+01 -2.710753306746482849e-02
-7.564083099365234375e+00 1.422370243072509766e+01 -2.688238956034183502e-02
-7.481125831604003906e+00 1.431865024566650391e+01 -2.662978135049343109e-02
-7.398475646972656250e+00 1.441342258453369141e+01 -2.637816406786441803e-02
-7.315524101257324219e+00 1.450833988189697266e+01 -2.612547762691974640e-02
-7.232873916625976562e+00 1.460312747955322266e+01 -2.587378397583961487e-02
-7.149265766143798828e+00 1.469787693023681641e+01 -2.560774795711040497e-02
-7.064795970916748047e+00 1.478981876373291016e+01 -2.530226670205593109e-02
-6.981631278991699219e+00 1.488064670562744141e+01 -2.500296570360660553e-02
-6.899725914001464844e+00 1.497061252593994141e+01 -2.470831759274005890e-02
-6.818071365356445312e+00 1.505973911285400391e+01 -2.441420592367649078e-02
-6.737267971038818359e+00 1.514892673492431641e+01 -2.412169426679611206e-02
-6.653306007385253906e+00 1.523879337310791016e+01 -2.381773851811885834e-02
-6.571982860565185547e+00 1.532393741607666016e+01 -2.352660149335861206e-02
-6.487623691558837891e+00 1.541030216217041016e+01 -2.322417125105857849e-02
-6.406301021575927734e+00 1.549546146392822266e+01 -2.293288148939609528e-02
-6.321274757385253906e+00 1.558201694488525391e+01 -2.262839302420616150e-02
-6.237006664276123047e+00 1.566725254058837891e+01 -2.232756651937961578e-02
-6.149817466735839844e+00 1.575264835357666016e+01 -2.200133353471755981e-02
-6.065718650817871094e+00 1.583680057525634766e+01 -2.168593369424343109e-02
-5.981613159179687500e+00 1.592093753814697266e+01 -2.137045748531818390e-02
-5.894413948059082031e+00 1.600627136230468750e+01 -2.104346267879009247e-02
-5.810311794281005859e+00 1.609041595458984375e+01 -2.072829194366931915e-02
-5.722980022430419922e+00 1.617594909667968750e+01 -2.040076255798339844e-02
-5.637701988220214844e+00 1.625968933105468750e+01 -2.007308043539524078e-02
-5.549301624298095703e+00 1.634464263916015625e+01 -1.973311230540275574e-02
-5.463680744171142578e+00 1.642778778076171875e+01 -1.940428651869297028e-02
-5.375046730041503906e+00 1.651287841796875000e+01 -1.906424388289451599e-02
-5.289562225341796875e+00 1.659682846069335938e+01 -1.873640902340412140e-02
-5.204062938690185547e+00 1.668083190917968750e+01 -1.842368021607398987e-02
-5.116068840026855469e+00 1.676348114013671875e+01 -1.812636293470859528e-02
-5.031441688537597656e+00 1.684414672851562500e+01 -1.784872822463512421e-02
-4.941532611846923828e+00 1.692860412597656250e+01 -1.755568385124206543e-02
-4.859910964965820312e+00 1.701007461547851562e+01 -1.729033328592777252e-02
-4.783603191375732422e+00 1.708920288085937500e+01 -1.704283617436885834e-02
-4.709714412689208984e+00 1.716669464111328125e+01 -1.680334843695163727e-02
-4.633408069610595703e+00 1.724581146240234375e+01 -1.655585132539272308e-02
-4.560125827789306641e+00 1.731462478637695312e+01 -1.637732423841953278e-02
-4.486791133880615234e+00 1.737904739379882812e+01 -1.623427309095859528e-02
-4.410492420196533203e+00 1.744537734985351562e+01 -1.608527079224586487e-02
-4.335557460784912109e+00 1.751274108886718750e+01 -1.594031229615211487e-02
-4.257902622222900391e+00 1.758069229125976562e+01 -1.578924991190433502e-02
-4.182769775390625000e+00 1.764940261840820312e+01 -1.562987081706523895e-02
-4.104479312896728516e+00 1.773160934448242188e+01 -1.546133868396282196e-02
-4.029232501983642578e+00 1.781764221191406250e+01 -1.530608069151639938e-02
-3.952986955642700195e+00 1.791387557983398438e+01 -1.509383041411638260e-02
-3.879439592361450195e+00 1.796274185180664062e+01 -1.478567905724048615e-02
-3.796907901763916016e+00 1.801511383056640625e+01 -1.459727156907320023e-02
-3.705450296401977539e+00 1.806752395629882812e+01 -1.447222568094730377e-02
-3.616588354110717773e+00 1.812886810302734375e+01 -1.434843894094228745e-02
-3.524715423583984375e+00 1.819212722778320312e+01 -1.431288570165634155e-02
-3.435769557952880859e+00 1.825550079345703125e+01 -1.432955544441938400e-02
-3.343861579895019531e+00 1.831939315795898438e+01 -1.434546336531639099e-02
-3.254789113998413086e+00 1.838208007812500000e+01 -1.436156127601861954e-02
-3.162969589233398438e+00 1.844584274291992188e+01 -1.437697280198335648e-02
-3.074736833572387695e+00 1.850804901123046875e+01 -1.438967511057853699e-02
-2.986386299133300781e+00 1.857020568847656250e+01 -1.442255824804306030e-02
-2.894913673400878906e+00 1.863277244567871094e+01 -1.448511891067028046e-02
-2.806380748748779297e+00 1.869485855102539062e+01 -1.454710774123668671e-02
-2.714687824249267578e+00 1.875783729553222656e+01 -1.461020298302173615e-02
-2.624648094177246094e+00 1.882282447814941406e+01 -1.467532012611627579e-02
-2.531653881072998047e+00 1.888827323913574219e+01 -1.474120002239942551e-02
-2.444597005844116211e+00 1.894991111755371094e+01 -1.480914000421762466e-02
-2.363479614257812500e+00 1.900925064086914062e+01 -1.487421803176403046e-02
-2.284225940704345703e+00 1.906883049011230469e+01 -1.493971701711416245e-02
-2.198798418045043945e+00 1.913129615783691406e+01 -1.501196715980768204e-02
-2.115977048873901367e+00 1.919749832153320312e+01 -1.501398906111717224e-02
-2.033827066421508789e+00 1.926605606079101562e+01 -1.494051795452833176e-02
-1.949108242988586426e+00 1.933493041992187500e+01 -1.486372761428356171e-02
-1.867035627365112305e+00 1.940327835083007812e+01 -1.479033287614583969e-02
-1.782181978225708008e+00 1.946799468994140625e+01 -1.471930369734764099e-02
-1.698919892311096191e+00 1.950706863403320312e+01 -1.468960568308830261e-02
-1.612688899040222168e+00 1.955157470703125000e+01 -1.466463878750801086e-02
-1.529467940330505371e+00 1.959660720825195312e+01 -1.465836353600025177e-02
