-4.473729133605957031e+00 -5.456550717353820801e-01 -1.303878892213106155e-02
-4.422938346862792969e+00 -2.879703342914581299e-01 -1.021891925483942032e-02
-4.420613288879394531e+00 -4.975650086998939514e-02 -7.403816562145948410e-03
-4.349927425384521484e+00 5.683571100234985352e-01 -4.697508178651332855e-03
-4.243594646453857422e+00 1.419929146766662598e+00 -3.428315510973334312e-03
-4.083652019500732422e+00 2.320634603500366211e+00 -2.092293929308652878e-03
-3.875563383102416992e+00 3.148142576217651367e+00 -1.205243286676704884e-03
-3.506850004196166992e+00 3.791678190231323242e+00 -1.195825752802193165e-03
-3.063829898834228516e+00 4.339396953582763672e+00 -1.773151569068431854e-03
-2.579445123672485352e+00 4.720520496368408203e+00 -2.453784225508570671e-03
-2.031857967376708984e+00 4.951731681823730469e+00 -2.220620401203632355e-03
-1.409319281578063965e+00 5.225483417510986328e+00 -2.015489852055907249e-03
-9.098277688026428223e-01 5.313130378723144531e+00 -1.380859990604221821e-03
-3.764554858207702637e-01 5.456762790679931641e+00 -6.774239009246230125e-04
-5.262894555926322937e-03 5.486918449401855469e+00 -2.034501172602176666e-03
9.601702690124511719e-01 5.458136081695556641e+00 -3.385707037523388863e-03
1.641547322273254395e+00 5.392470836639404297e+00 -2.359892241656780243e-03
2.267757892608642578e+00 5.314519882202148438e+00 -1.527893939055502415e-03
2.771509408950805664e+00 5.167568206787109375e+00 -1.343378797173500061e-03
3.173818826675415039e+00 4.936873912811279297e+00 -1.182085135951638222e-03
3.566642045974731445e+00 4.651393890380859375e+00 -1.301542390137910843e-03
3.962759733200073242e+00 4.349321842193603516e+00 -1.525455503724515438e-03
4.367027759552001953e+00 4.064646244049072266e+00 -1.765661058016121387e-03
4.709677219390869141e+00 3.754920244216918945e+00 -2.652053721249103546e-03
5.004213809967041016e+00 3.267209768295288086e+00 -4.189299419522285461e-03
5.263478755950927734e+00 2.830180406570434570e+00 -5.830671172589063644e-03
5.477413654327392578e+00 2.393960952758789062e+00 -6.958046462386846542e-03
5.680560588836669922e+00 1.925070524215698242e+00 -8.192921057343482971e-03
5.857398509979248047e+00 1.418532609939575195e+00 -9.885635226964950562e-03
6.006078720092773438e+00 9.513088464736938477e-01 -1.167162042111158371e-02
6.131377696990966797e+00 4.068160355091094971e-01 -1.383636891841888428e-02
6.166702270507812500e+00 -4.110802710056304932e-02 -1.653747446835041046e-02
6.259504318237304688e+00 -2.187844365835189819e-01 -1.857206411659717560e-02
6.384227275848388672e+00 -5.200349092483520508e-01 -1.573720388114452362e-02
6.436122417449951172e+00 -9.658676981925964355e-01 -1.493557263165712357e-02
6.476302623748779297e+00 -1.390262603759765625e+00 -1.442416477948427200e-02
6.435751438140869141e+00 -1.760607838630676270e+00 -1.399066299200057983e-02
6.420218944549560547e+00 -2.148024320602416992e+00 -1.241660956293344498e-02
6.364535808563232422e+00 -2.542863130569458008e+00 -1.087800879031419754e-02
6.267110347747802734e+00 -2.955138444900512695e+00 -9.141625836491584778e-03
6.013511180877685547e+00 -3.325508117675781250e+00 -7.515925448387861252e-03
5.913194179534912109e+00 -3.655978202819824219e+00 -6.835507694631814957e-03
5.797086238861083984e+00 -3.981855392456054688e+00 -5.994204897433519363e-03
5.654820919036865234e+00 -4.296650409698486328e+00 -5.055483896285295486e-03
5.532437801361083984e+00 -4.597857952117919922e+00 -4.427537322044372559e-03
5.406184673309326172e+00 -4.874967575073242188e+00 -3.855408867821097374e-03
5.214217662811279297e+00 -5.175416946411132812e+00 -3.344678319990634918e-03
4.928901195526123047e+00 -5.488903045654296875e+00 -3.086594864726066589e-03
4.666800975799560547e+00 -5.756410598754882812e+00 -2.863415982574224472e-03
4.403380870819091797e+00 -5.998672485351562500e+00 -2.691163448616862297e-03
4.120685100555419922e+00 -6.246335506439208984e+00 -2.751683583483099937e-03
3.859584569931030273e+00 -6.476375579833984375e+00 -2.916306722909212112e-03
3.567580938339233398e+00 -6.674622058868408203e+00 -3.123959759250283241e-03
3.261207342147827148e+00 -6.872391223907470703e+00 -3.302907338365912437e-03
2.970027685165405273e+00 -7.044637203216552734e+00 -3.455666825175285339e-03
2.680019140243530273e+00 -7.203153133392333984e+00 -3.540772711858153343e-03
2.402747869491577148e+00 -7.346186161041259766e+00 -3.651971230283379555e-03
2.114986181259155273e+00 -7.482181072235107422e+00 -3.814553609117865562e-03
1.809375524520874023e+00 -7.618513107299804688e+00 -4.035138525068759918e-03
1.491946935653686523e+00 -7.752943515777587891e+00 -4.264268092811107635e-03
1.200256109237670898e+00 -7.870311260223388672e+00 -5.016526672989130020e-03
9.087102413177490234e-01 -7.964898586273193359e+00 -6.252011284232139587e-03
5.903203487396240234e-01 -8.028226852416992188e+00 -7.536706048995256424e-03
-3.819239325821399689e-03 -8.099166870117187500e+00 -7.736844476312398911e-03
-1.281263381242752075e-01 -8.152449607849121094e+00 -1.154213771224021912e-02
-3.366579115390777588e-01 -8.161380767822265625e+00 -2.527832984924316406e-02
-5.901767611503601074e-01 -8.177713394165039062e+00 -2.176417224109172821e-02
-8.763744831085205078e-01 -8.189746856689453125e+00 -1.637749560177326202e-02
-1.179372191429138184e+00 -8.199919700622558594e+00 -2.140276879072189331e-02
-1.493829965591430664e+00 -8.198195457458496094e+00 -2.259728312492370605e-02
-1.785628795623779297e+00 -8.190945625305175781e+00 -2.044424973428249359e-02
-2.072255849838256836e+00 -8.178078651428222656e+00 -1.833617128431797028e-02
-2.366702318191528320e+00 -8.156319618225097656e+00 -1.635386236011981964e-02
-2.648547410964965820e+00 -8.130406379699707031e+00 -1.445149257779121399e-02
-2.906088829040527344e+00 -8.094862937927246094e+00 -1.267395820468664169e-02
-3.185467481613159180e+00 -8.047802925109863281e+00 -1.071280334144830704e-02
-3.459488153457641602e+00 -7.984753131866455078e+00 -8.771046996116638184e-03
-3.729171991348266602e+00 -7.907537460327148438e+00 -5.603818222880363464e-03
-3.996835231781005859e+00 -7.822204589843750000e+00 -6.811074446886777878e-03
-4.279445171356201172e+00 -7.728691101074218750e+00 -8.269681595265865326e-03
-4.572570323944091797e+00 -7.623006343841552734e+00 -9.424332529306411743e-03
-4.826445102691650391e+00 -7.509347915649414062e+00 -9.274911135435104370e-03
-5.045022010803222656e+00 -7.411401271820068359e+00 -9.158734232187271118e-03
-5.265837192535400391e+00 -7.312231063842773438e+00 -9.057626128196716309e-03
-5.483277320861816406e+00 -7.213698387145996094e+00 -8.584832772612571716e-03
-5.707070350646972656e+00 -7.105344772338867188e+00 -7.604760583490133286e-03
-5.932426452636718750e+00 -6.991852760314941406e+00 -6.834763567894697189e-03
-6.148345947265625000e+00 -6.879262447357177734e+00 -6.494035013020038605e-03
-6.362154006958007812e+00 -6.763169288635253906e+00 -6.166390608996152878e-03
-6.563012599945068359e+00 -6.641564846038818359e+00 -5.892228335142135620e-03
-6.793237686157226562e+00 -6.510668277740478516e+00 -5.081338342279195786e-03
-7.003529071807861328e+00 -6.382061481475830078e+00 -4.487275611609220505e-03
-7.180359363555908203e+00 -6.253569126129150391e+00 -3.949116915464401245e-03
-7.341467857360839844e+00 -6.126947879791259766e+00 -3.439950291067361832e-03
-7.507451534271240234e+00 -5.987701416015625000e+00 -2.913178643211722374e-03
-7.683836460113525391e+00 -5.829196453094482422e+00 -2.346257446333765984e-03
-7.854900836944580078e+00 -5.670142650604248047e+00 -1.784409745596349239e-03
-8.025821685791015625e+00 -5.504420757293701172e+00 -1.210488495416939259e-03
-8.189400672912597656e+00 -5.337731838226318359e+00 -6.463615573011338711e-04
-8.363937377929687500e+00 -5.160259723663330078e+00 -1.425007940270006657e-03
-8.533869743347167969e+00 -4.985945224761962891e+00 -2.872065873816609383e-03
-8.702941894531250000e+00 -4.809299945831298828e+00 -2.340287435799837112e-03
-8.866412162780761719e+00 -4.635166645050048828e+00 -2.072943840175867081e-03
-9.014183998107910156e+00 -4.475456237792968750e+00 -1.856049755588173866e-03
-9.154129028320312500e+00 -4.305197238922119141e+00 -1.653832616284489632e-03
-9.284669876098632812e+00 -4.135359287261962891e+00 -1.467980560846626759e-03
-9.407423973083496094e+00 -3.962104320526123047e+00 -1.276482711546123028e-03
-9.517340660095214844e+00 -3.787191390991210938e+00 -1.682109083048999310e-03
-9.628665924072265625e+00 -3.608903169631958008e+00 -4.126147367060184479e-03
-9.744983673095703125e+00 -3.408938407897949219e+00 -9.179247543215751648e-03
-9.862655639648437500e+00 -3.211744308471679688e+00 -1.366864051669836044e-02
-9.976574897766113281e+00 -3.022030353546142578e+00 -1.632206700742244720e-02
-1.006764221191406250e+01 -2.856512069702148438e+00 -1.419912185519933701e-02
-1.016213989257812500e+01 -2.678029537200927734e+00 -1.192570570856332779e-02
-1.024996471405029297e+01 -2.497424602508544922e+00 -9.618229232728481293e-03
-1.033568382263183594e+01 -2.312425851821899414e+00 -7.551764603704214096e-03
-1.042268371582031250e+01 -2.123752355575561523e+00 -6.438302341848611832e-03
-1.049852371215820312e+01 -1.940774202346801758e+00 -6.113337818533182144e-03
-1.056515312194824219e+01 -1.757661342620849609e+00 -5.810359958559274673e-03
-1.064984512329101562e+01 -1.555314302444458008e+00 -4.399370402097702026e-03
-1.073503780364990234e+01 -1.346803665161132812e+00 -4.808210767805576324e-03
-1.081042480468750000e+01 -1.146448016166687012e+00 -4.429415799677371979e-03
-1.088434028625488281e+01 -9.472708702087402344e-01 -4.148215521126985550e-03
-1.095147895812988281e+01 -7.502891421318054199e-01 -5.039319396018981934e-03
-1.101528644561767578e+01 -5.598044395446777344e-01 -6.261395756155252457e-03
-1.107169437408447266e+01 -3.844580650329589844e-01 -7.386168465018272400e-03
-1.113316249847412109e+01 -2.182574868202209473e-01 -7.171801757067441940e-03
-1.119970321655273438e+01 -6.669411808252334595e-02 -6.301716901361942291e-03
-1.126400279998779297e+01 -9.610017761588096619e-03 -5.894822534173727036e-03
-1.132762050628662109e+01 -5.159315769560635090e-04 -6.291970610618591309e-03
-1.135416030883789062e+01 2.794786989688873291e-01 -6.415738258510828018e-03
-1.137353897094726562e+01 4.545542299747467041e-01 -6.404351443052291870e-03
-1.139376544952392578e+01 6.280447244644165039e-01 -6.393517833203077316e-03
-1.141598510742187500e+01 7.972818613052368164e-01 -6.191872991621494293e-03
-1.143881702423095703e+01 9.670301675796508789e-01 -5.975159816443920135e-03
-1.146476459503173828e+01 1.142624497413635254e+00 -5.750379059463739395e-03
-1.149292182922363281e+01 1.324810624122619629e+00 -5.533112678676843643e-03
-1.152181339263916016e+01 1.508535981178283691e+00 -5.330151878297328949e-03
-1.154962253570556641e+01 1.690182328224182129e+00 -5.115079227834939957e-03
-1.157612419128417969e+01 1.877846360206604004e+00 -4.892453551292419434e-03
-1.160241794586181641e+01 2.067471265792846680e+00 -4.669579677283763885e-03
-1.162717533111572266e+01 2.261402845382690430e+00 -4.427995067089796066e-03
-1.164434146881103516e+01 2.458243131637573242e+00 -4.122571088373661041e-03
-1.165863704681396484e+01 2.652500867843627930e+00 -3.835362615063786507e-03
-1.166425514221191406e+01 2.824959516525268555e+00 -3.610753221437335014e-03
-1.166593742370605469e+01 2.987892866134643555e+00 -3.407735144719481468e-03
-1.166796398162841797e+01 3.149187803268432617e+00 -3.214654279872775078e-03
-1.166470146179199219e+01 3.310780286788940430e+00 -3.023213706910610199e-03
-1.166153335571289062e+01 3.482189893722534180e+00 -2.890805481001734734e-03
-1.165817451477050781e+01 3.660204648971557617e+00 -2.748059574514627457e-03
-1.165475940704345703e+01 3.839802503585815430e+00 -2.603787695989012718e-03
-1.165085029602050781e+01 4.019665241241455078e+00 -2.456902759149670601e-03
-1.164550781250000000e+01 4.198074817657470703e+00 -2.317208331078290939e-03
-1.163695812225341797e+01 4.361156940460205078e+00 -2.243260620161890984e-03
-1.162797260284423828e+01 4.528212070465087891e+00 -2.164715901017189026e-03
-1.161819839477539062e+01 4.697149753570556641e+00 -2.085026819258928299e-03
-1.159648990631103516e+01 4.870153903961181641e+00 -2.024735556915402412e-03
-1.157183456420898438e+01 5.052841663360595703e+00 -1.973198959603905678e-03
-1.154485702514648438e+01 5.218727588653564453e+00 -1.959771383553743362e-03
-1.151989936828613281e+01 5.366962909698486328e+00 -1.965512521564960480e-03
-1.149545288085937500e+01 5.513374805450439453e+00 -1.968144671991467476e-03
-1.146757793426513672e+01 5.669624805450439453e+00 -1.942280912771821022e-03
-1.144104385375976562e+01 5.831326007843017578e+00 -1.913804211653769016e-03
-1.141407299041748047e+01 5.993381977081298828e+00 -1.891049556434154510e-03
-1.138549137115478516e+01 6.152422428131103516e+00 -1.870316686108708382e-03
-1.135735416412353516e+01 6.305431842803955078e+00 -1.853360328823328018e-03
-1.132642841339111328e+01 6.452545642852783203e+00 -1.836022594943642616e-03
-1.129193496704101562e+01 6.601540088653564453e+00 -1.815041759982705116e-03
-1.125712776184082031e+01 6.751377582550048828e+00 -1.813553972169756889e-03
-1.122248172760009766e+01 6.905643939971923828e+00 -1.806725631467998028e-03
-1.118412590026855469e+01 7.055666446685791016e+00 -1.797608565539121628e-03
-1.114408016204833984e+01 7.208323001861572266e+00 -1.791218877770006657e-03
-1.110053348541259766e+01 7.364643573760986328e+00 -1.778020057827234268e-03
-1.105411434173583984e+01 7.521778583526611328e+00 -1.754292636178433895e-03
-1.100944805145263672e+01 7.674810886383056641e+00 -1.718854065984487534e-03
-1.096522045135498047e+01 7.824812412261962891e+00 -1.695889630354940891e-03
-1.091871547698974609e+01 7.974651813507080078e+00 -1.683739828877151012e-03
-1.086768150329589844e+01 8.125834465026855469e+00 -1.667145872488617897e-03
-1.081549453735351562e+01 8.283127784729003906e+00 -1.622189651243388653e-03
-1.076450252532958984e+01 8.433674812316894531e+00 -1.575059141032397747e-03
-1.071564769744873047e+01 8.576489448547363281e+00 -1.528729568235576153e-03
-1.066538715362548828e+01 8.716050148010253906e+00 -1.469868817366659641e-03
-1.061591911315917969e+01 8.849946022033691406e+00 -1.412114361301064491e-03
-1.056433963775634766e+01 8.988608360290527344e+00 -1.352280844002962112e-03
-1.050782299041748047e+01 9.132483482360839844e+00 -1.289567211642861366e-03
-1.044605827331542969e+01 9.284115791320800781e+00 -1.248063286766409874e-03
-1.038392829895019531e+01 9.432633399963378906e+00 -1.211403985507786274e-03
-1.032482910156250000e+01 9.575657844543457031e+00 -1.172303338535130024e-03
-1.027054500579833984e+01 9.707863807678222656e+00 -1.129674143157899380e-03
-1.021653461456298828e+01 9.840937614440917969e+00 -1.093529863283038139e-03
-1.016231060028076172e+01 9.973042488098144531e+00 -1.056012348271906376e-03
-1.009811973571777344e+01 1.011501979827880859e+01 -1.003560260869562626e-03
-1.003451251983642578e+01 1.024695301055908203e+01 -9.486476774327456951e-04
-9.971837043762207031e+00 1.036866283416748047e+01 -8.863918483257293701e-04
-9.903930664062500000e+00 1.049403476715087891e+01 -8.210269734263420105e-04
-9.838363647460937500e+00 1.061522006988525391e+01 -7.583896513096988201e-04
-9.775154113769531250e+00 1.073437595367431641e+01 -8.051960030570626259e-04
-9.711579322814941406e+00 1.085456943511962891e+01 -8.821765659376978874e-04
-9.649710655212402344e+00 1.096792888641357422e+01 -9.491626988165080547e-04
-9.586448669433593750e+00 1.108962726593017578e+01 -9.682170930318534374e-04
-9.518362998962402344e+00 1.121131992340087891e+01 -9.807674214243888855e-04
-9.450999259948730469e+00 1.132578945159912109e+01 -9.933369001373648643e-04
-9.383032798767089844e+00 1.143259906768798828e+01 -1.008233288303017616e-03
-9.313487052917480469e+00 1.154247570037841797e+01 -1.043213997036218643e-03
-9.242180824279785156e+00 1.165784931182861328e+01 -1.145333517342805862e-03
-9.169805526733398438e+00 1.177476596832275391e+01 -1.246098661795258522e-03
-9.097463607788085938e+00 1.189024639129638672e+01 -1.343430718407034874e-03
-9.027226448059082031e+00 1.200021457672119141e+01 -1.442422042600810528e-03
-8.956266403198242188e+00 1.210800647735595703e+01 -1.540383556857705116e-03
-8.894439697265625000e+00 1.221650409698486328e+01 -1.663254923187196255e-03
-8.832041740417480469e+00 1.232630634307861328e+01 -1.790036330930888653e-03
-8.767603874206542969e+00 1.243556690216064453e+01 -1.916817855089902878e-03
-8.700242996215820312e+00 1.253877544403076172e+01 -2.032517688348889351e-03
-8.631650924682617188e+00 1.263997936248779297e+01 -2.148713218048214912e-03
-8.563534736633300781e+00 1.273944950103759766e+01 -2.261132467538118362e-03
-8.491512298583984375e+00 1.286191844940185547e+01 -2.250832738354802132e-03
-8.414731025695800781e+00 1.299807453155517578e+01 -2.175034722313284874e-03
-8.336859703063964844e+00 1.312380695343017578e+01 -2.096890704706311226e-03
-8.261402130126953125e+00 1.323930835723876953e+01 -2.139577176421880722e-03
-8.185818672180175781e+00 1.335383129119873047e+01 -2.303208457306027412e-03
-8.112896919250488281e+00 1.346150684356689453e+01 -2.457970753312110901e-03
-8.039251327514648438e+00 1.356603908538818359e+01 -2.625264460220932961e-03
-7.962686061859130859e+00 1.367004871368408203e+01 -2.803038805723190308e-03
-7.889065265655517578e+00 1.377244281768798828e+01 -2.970465924590826035e-03
-7.813372611999511719e+00 1.386986637115478516e+01 -3.144378075376152992e-03
-7.729147911071777344e+00 1.398147487640380859e+01 -3.509854665026068687e-03
-7.649905681610107422e+00 1.409121036529541016e+01 -3.875016467645764351e-03
-7.571834564208984375e+00 1.420187473297119141e+01 -4.249677062034606934e-03
-7.493511199951171875e+00 1.430502796173095703e+01 -4.615153651684522629e-03
-7.419129848480224609e+00 1.440028095245361328e+01 -4.958552774041891098e-03
-7.347970962524414062e+00 1.448983097076416016e+01 -5.284661427140235901e-03
-7.276030540466308594e+00 1.457988834381103516e+01 -5.613927263766527176e-03
-7.202032089233398438e+00 1.467123126983642578e+01 -5.948962643742561340e-03
-7.129909515380859375e+00 1.476019573211669922e+01 -6.262463983148336411e-03
-7.056204795837402344e+00 1.485433101654052734e+01 -6.560067180544137955e-03
-6.978899955749511719e+00 1.494474506378173828e+01 -6.848601624369621277e-03
-6.901210784912109375e+00 1.502784633636474609e+01 -7.127513177692890167e-03
-6.825943470001220703e+00 1.510905933380126953e+01 -7.398165762424468994e-03
-6.747756958007812500e+00 1.519218540191650391e+01 -7.620238699018955231e-03
-6.666953563690185547e+00 1.528105258941650391e+01 -7.805318105965852737e-03
-6.582899093627929688e+00 1.537132358551025391e+01 -7.996758446097373962e-03
-6.500833988189697266e+00 1.546086025238037109e+01 -8.184728212654590607e-03
-6.414802551269531250e+00 1.555416393280029297e+01 -8.388279937207698822e-03
-6.331407546997070312e+00 1.564688014984130859e+01 -8.597125299274921417e-03
-6.246040344238281250e+00 1.573858928680419922e+01 -8.833340369164943695e-03
-6.164633274078369141e+00 1.582907581329345703e+01 -9.060267359018325806e-03
-6.086569786071777344e+00 1.591426181793212891e+01 -9.273690171539783478e-03
-6.008841514587402344e+00 1.599777698516845703e+01 -9.462918154895305634e-03
-5.935926437377929688e+00 1.607399177551269531e+01 -9.632519446313381195e-03
-5.857564449310302734e+00 1.614340591430664062e+01 -9.795064106583595276e-03
-5.770689487457275391e+00 1.621436309814453125e+01 -9.934195317327976227e-03
-5.677507400512695312e+00 1.628417587280273438e+01 -1.008050795644521713e-02
-5.588529109954833984e+00 1.636594772338867188e+01 -1.012922171503305435e-02
-5.495212078094482422e+00 1.644552040100097656e+01 -1.013194862753152847e-02
-5.408984184265136719e+00 1.651134300231933594e+01 -1.007235422730445862e-02
-5.326638698577880859e+00 1.656501960754394531e+01 -1.000982150435447693e-02
-5.242131233215332031e+00 1.661890792846679688e+01 -9.916400536894798279e-03
-5.159204006195068359e+00 1.670450019836425781e+01 -9.695223532617092133e-03
-5.070463657379150391e+00 1.679296302795410156e+01 -9.469327516853809357e-03
-4.986402988433837891e+00 1.687646484375000000e+01 -9.255179204046726227e-03
-4.898875236511230469e+00 1.695969581604003906e+01 -9.029635228216648102e-03
-4.813317775726318359e+00 1.703980255126953125e+01 -8.811281993985176086e-03
-4.727840423583984375e+00 1.711639022827148438e+01 -8.593205362558364868e-03
-4.646809577941894531e+00 1.718949508666992188e+01 -8.386048488318920135e-03
-4.566191196441650391e+00 1.726271629333496094e+01 -8.182333782315254211e-03
-4.480643272399902344e+00 1.733768463134765625e+01 -7.973289117217063904e-03
-4.399007320404052734e+00 1.740937995910644531e+01 -7.779263891279697418e-03
-4.317080020904541016e+00 1.747939682006835938e+01 -7.590817753225564957e-03
-4.238673210144042969e+00 1.754685783386230469e+01 -7.411831989884376526e-03
-4.157444477081298828e+00 1.761351013183593750e+01 -7.215994875878095627e-03
-4.073468208312988281e+00 1.767843246459960938e+01 -7.005080580711364746e-03
-3.987468481063842773e+00 1.774004745483398438e+01 -6.789254490286111832e-03
-3.902797222137451172e+00 1.780711555480957031e+01 -6.729230284690856934e-03
-3.817082405090332031e+00 1.788058853149414062e+01 -6.798924878239631653e-03
-3.730854988098144531e+00 1.795396614074707031e+01 -6.868380587548017502e-03
-3.647724628448486328e+00 1.802655410766601562e+01 -6.936549209058284760e-03
-3.562428474426269531e+00 1.809802627563476562e+01 -6.996936164796352386e-03
-3.475965499877929688e+00 1.816914558410644531e+01 -7.009705528616905212e-03
-3.386385917663574219e+00 1.823707580566406250e+01 -6.932143587619066238e-03
-3.304006576538085938e+00 1.829274749755859375e+01 -6.905526388436555862e-03
-3.218842983245849609e+00 1.838174438476562500e+01 -6.934165023267269135e-03
-3.137377500534057617e+00 1.848041725158691406e+01 -6.987180095165967941e-03
-3.053538799285888672e+00 1.853083992004394531e+01 -7.012461777776479721e-03
-2.966243267059326172e+00 1.856055831909179688e+01 -7.029437460005283356e-03
-2.884843587875366211e+00 1.860237503051757812e+01 -6.907290779054164886e-03
-2.800920963287353516e+00 1.868173789978027344e+01 -6.284980103373527527e-03
-2.721056461334228516e+00 1.875914573669433594e+01 -5.691522732377052307e-03
-2.641175746917724609e+00 1.883549880981445312e+01 -5.096572916954755783e-03
-2.562425374984741211e+00 1.891027641296386719e+01 -4.505328368395566940e-03
-2.481772899627685547e+00 1.898036956787109375e+01 -3.876418340951204300e-03
-2.399672985076904297e+00 1.904530525207519531e+01 -3.225807566195726395e-03
-2.313461303710937500e+00 1.907227325439453125e+01 -2.446865197271108627e-03
-2.230798959732055664e+00 1.910178375244140625e+01 -1.668991288170218468e-03
-2.146293163299560547e+00 1.916663932800292969e+01 -1.069626072421669960e-03
-2.057848691940307617e+00 1.926727104187011719e+01 -4.458229232113808393e-04
-1.972364664077758789e+00 1.932443237304687500e+01 -1.135151032940484583e-04
-1.884474873542785645e+00 1.938074111938476562e+01 -8.036061626626178622e-05
-1.798287868499755859e+00 1.943317031860351562e+01 -3.474637924227863550e-05
-1.708680272102355957e+00 1.949556159973144531e+01 -1.841966732172295451e-04
-1.621882081031799316e+00 1.955759811401367188e+01 -3.291408647783100605e-04
