-6.000621244311332703e-03 -7.790277898311614990e-02 -1.177384331822395325e-02
-4.867683630436658859e-03 -7.697898894548416138e-02 -1.164465490728616714e-02
-3.731737146154046059e-03 -7.605250924825668335e-02 -1.151494961231946945e-02
-2.690418856218457222e-03 -7.543946802616119385e-02 -1.139360666275024414e-02
-1.655765925534069538e-03 -7.484909892082214355e-02 -1.127283461391925812e-02
-6.179715273901820183e-04 -7.425560057163238525e-02 -1.115153543651103973e-02
4.166780412197113037e-02 -7.366520911455154419e-02 -1.103076431900262833e-02
1.454474776983261108e-01 -7.307169586420059204e-02 -1.090946327894926071e-02
2.489102929830551147e-01 -7.248134911060333252e-02 -1.078869216144084930e-02
3.498247861862182617e-01 -7.194679230451583862e-02 -1.067916769534349442e-02
4.862401485443115234e-01 -7.144011557102203369e-02 -1.088077016174793243e-02
6.274768114089965820e-01 -7.090323418378829956e-02 -1.108769048005342484e-02
7.786446809768676758e-01 -7.030359655618667603e-02 -1.130534894764423370e-02
9.298141002655029297e-01 -6.970391422510147095e-02 -1.152301207184791565e-02
1.081431627273559570e+00 -6.910114735364913940e-02 -1.174117531627416611e-02
1.232600212097167969e+00 -6.850147992372512817e-02 -1.195883471518754959e-02
1.624519348144531250e+00 -7.921063899993896484e-02 -1.180493552237749100e-02
2.142014741897583008e+00 -9.882661700248718262e-02 -1.133825629949569702e-02
2.491811752319335938e+00 -1.167688146233558655e-01 -1.088624913245439529e-02
2.840593099594116211e+00 -1.346581131219863892e-01 -1.043566223233938217e-02
3.266446113586425781e+00 -1.560309380292892456e-01 -1.000083051621913910e-02
3.712717294692993164e+00 -1.783172041177749634e-01 -9.572317823767662048e-03
4.158979892730712891e+00 -2.006030827760696411e-01 -9.143814444541931152e-03
4.606506824493408203e+00 -2.229536175727844238e-01 -8.713870309293270111e-03
5.052434921264648438e+00 -2.453616857528686523e-01 -8.282787166535854340e-03
5.281303882598876953e+00 -2.727988362312316895e-01 -7.725220173597335815e-03
5.497914791107177734e+00 -3.003618121147155762e-01 -7.164029404520988464e-03
5.715077400207519531e+00 -3.280052542686462402e-01 -6.601000204682350159e-03
5.989767074584960938e+00 -3.598117232322692871e-01 -6.012868136167526245e-03
6.301354408264160156e+00 -3.943572044372558594e-01 -5.405930802226066589e-03
6.449586868286132812e+00 -4.424421191215515137e-01 -4.542970564216375351e-03
6.351139068603515625e+00 -5.421547889709472656e-01 -3.821959951892495155e-03
6.468203067779541016e+00 -8.096835017204284668e-01 -3.725168062373995781e-03
6.497261524200439453e+00 -1.108132243156433105e+00 -3.874734044075012207e-03
6.521021366119384766e+00 -1.409499526023864746e+00 -3.999040462076663971e-03
6.544827938079833984e+00 -1.709948539733886719e+00 -4.123042337596416473e-03
6.568585872650146484e+00 -2.011320352554321289e+00 -4.247344098985195160e-03
6.499657154083251953e+00 -2.315593004226684570e+00 -4.382246173918247223e-03
6.409545421600341797e+00 -2.600880146026611328e+00 -4.509421065449714661e-03
6.321070194244384766e+00 -2.843788385391235352e+00 -4.615104757249355316e-03
6.232275485992431641e+00 -3.087398290634155273e+00 -4.721045959740877151e-03
6.076664447784423828e+00 -3.331280469894409180e+00 -4.855345003306865692e-03
5.852081775665283203e+00 -3.576135158538818359e+00 -5.018954630941152573e-03
5.633809566497802734e+00 -3.843034982681274414e+00 -5.212097428739070892e-03
5.418358325958251953e+00 -4.115320682525634766e+00 -5.413160659372806549e-03
5.202118396759033203e+00 -4.388323783874511719e+00 -5.614667199552059174e-03
4.986661434173583984e+00 -4.660611152648925781e+00 -5.815740209072828293e-03
4.770428180694580078e+00 -4.933613300323486328e+00 -6.017227657139301300e-03
4.554899692535400391e+00 -5.205850601196289062e+00 -6.218204740434885025e-03
4.338659763336181641e+00 -5.478853225708007812e+00 -6.419716402888298035e-03
4.123205661773681641e+00 -5.751140117645263672e+00 -6.620769854635000229e-03
3.908012628555297852e+00 -6.023621082305908203e+00 -6.822162307798862457e-03
3.599525690078735352e+00 -6.276854038238525391e+00 -6.929507479071617126e-03
3.281969308853149414e+00 -6.526910305023193359e+00 -7.026257924735546112e-03
3.002443552017211914e+00 -6.755284309387207031e+00 -7.155003957450389862e-03
2.658663034439086914e+00 -7.000958919525146484e+00 -7.300091441720724106e-03
2.313795328140258789e+00 -7.247240543365478516e+00 -7.445483468472957611e-03
1.970011115074157715e+00 -7.492912292480468750e+00 -7.590613793581724167e-03
1.556736350059509277e+00 -7.721154212951660156e+00 -7.709946949034929276e-03
1.181501746177673340e+00 -7.913744449615478516e+00 -7.805047556757926941e-03
8.018974065780639648e-01 -8.061878204345703125e+00 -8.005586452782154083e-03
3.743575811386108398e-01 -8.185861587524414062e+00 -8.348775096237659454e-03
-6.958863884210586548e-02 -8.239780426025390625e+00 -9.973664768040180206e-03
-2.892242968082427979e-01 -8.294712066650390625e+00 -1.074143871665000916e-02
-5.167928934097290039e-01 -8.333785057067871094e+00 -1.164112519472837448e-02
-7.450821399688720703e-01 -8.370719909667968750e+00 -1.256334781646728516e-02
-9.759547710418701172e-01 -8.391341209411621094e+00 -1.342743355780839920e-02
-1.212629318237304688e+00 -8.399250030517578125e+00 -1.378305908292531967e-02
-1.455277562141418457e+00 -8.379427909851074219e+00 -1.423989702016115189e-02
-1.701070070266723633e+00 -8.339510917663574219e+00 -1.472657639533281326e-02
-1.946256041526794434e+00 -8.296011924743652344e+00 -1.519268471747636795e-02
-2.191343545913696289e+00 -8.242245674133300781e+00 -1.560944970697164536e-02
-2.437456130981445312e+00 -8.179828643798828125e+00 -1.604775898158550262e-02
-2.682900905609130859e+00 -8.116484642028808594e+00 -1.648769900202751160e-02
-2.929021596908569336e+00 -8.052810668945312500e+00 -1.692872494459152222e-02
-3.174466371536254883e+00 -7.989468097686767578e+00 -1.736866496503353119e-02
-3.420588493347167969e+00 -7.925794124603271484e+00 -1.780971884727478027e-02
-3.666031122207641602e+00 -7.862451553344726562e+00 -1.824964024126529694e-02
-3.910916328430175781e+00 -7.790565490722656250e+00 -1.870192959904670715e-02
-4.154779434204101562e+00 -7.716786384582519531e+00 -1.915613561868667603e-02
-4.404678821563720703e+00 -7.642273426055908203e+00 -1.961713284254074097e-02
-4.657584667205810547e+00 -7.558162212371826172e+00 -2.010603435337543488e-02
-4.910012245178222656e+00 -7.466337203979492188e+00 -2.065119147300720215e-02
-5.162388324737548828e+00 -7.370088100433349609e+00 -2.122069709002971649e-02
-5.411393165588378906e+00 -7.255136966705322266e+00 -2.117587439715862274e-02
-5.659796237945556641e+00 -7.136853694915771484e+00 -2.076761610805988312e-02
-5.912147045135498047e+00 -7.006836414337158203e+00 -2.015948668122291565e-02
-6.174170970916748047e+00 -6.862135887145996094e+00 -1.990922354161739349e-02
-6.429469585418701172e+00 -6.707151412963867188e+00 -1.997578144073486328e-02
-6.628657817840576172e+00 -6.587442874908447266e+00 -1.997386477887630463e-02
-6.809499263763427734e+00 -6.476927280426025391e+00 -2.005169354379177094e-02
-6.989853858947753906e+00 -6.365107059478759766e+00 -2.109817974269390106e-02
-7.175162792205810547e+00 -6.242657184600830078e+00 -2.191430516541004181e-02
-7.361865520477294922e+00 -6.116933345794677734e+00 -2.256957441568374634e-02
-7.543665409088134766e+00 -5.989092350006103516e+00 -2.326710149645805359e-02
-7.715321540832519531e+00 -5.856121063232421875e+00 -2.420496381819248199e-02
-7.878076076507568359e+00 -5.708453655242919922e+00 -2.515155263245105743e-02
-8.038649559020996094e+00 -5.559777736663818359e+00 -2.609850279986858368e-02
-8.196113586425781250e+00 -5.407938957214355469e+00 -2.703709155321121216e-02
-8.352253913879394531e+00 -5.238555908203125000e+00 -2.801318652927875519e-02
-8.508398056030273438e+00 -5.069172859191894531e+00 -2.898927591741085052e-02
-8.664859771728515625e+00 -4.899222850799560547e+00 -2.996817603707313538e-02
-8.813249588012695312e+00 -4.729327201843261719e+00 -3.099221549928188324e-02
-8.951403617858886719e+00 -4.542891502380371094e+00 -3.174530342221260071e-02
-9.081294059753417969e+00 -4.346225261688232422e+00 -3.153080493211746216e-02
-9.209424018859863281e+00 -4.148393630981445312e+00 -3.120564483106136322e-02
-9.335795402526855469e+00 -3.950868129730224609e+00 -3.086952678859233856e-02
-9.461692810058593750e+00 -3.752460479736328125e+00 -3.053117170929908752e-02
-9.588060379028320312e+00 -3.554933786392211914e+00 -3.019503504037857056e-02
-9.714433670043945312e+00 -3.357411146163940430e+00 -2.985891699790954590e-02
-9.841039657592773438e+00 -3.159244298934936523e+00 -2.952157519757747650e-02
-9.967408180236816406e+00 -2.961723327636718750e+00 -2.918543666601181030e-02
-1.009401512145996094e+01 -2.763558626174926758e+00 -2.884814701974391937e-02
-1.022038555145263672e+01 -2.566031217575073242e+00 -2.851199172437191010e-02
-1.034699153900146484e+01 -2.367866516113281250e+00 -2.817463874816894531e-02
-1.047336196899414062e+01 -2.170341253280639648e+00 -2.783853001892566681e-02
-1.059925556182861328e+01 -1.971935987472534180e+00 -2.750013768672943115e-02
-1.072562980651855469e+01 -1.774410367012023926e+00 -2.716407179832458496e-02
-1.085199546813964844e+01 -1.576885700225830078e+00 -2.682792581617832184e-02
-1.097860431671142578e+01 -1.378718256950378418e+00 -2.649054862558841705e-02
-1.103402042388916016e+01 -1.255533099174499512e+00 -2.613734267652034760e-02
-1.108053588867187500e+01 -1.141276359558105469e+00 -2.578072063624858856e-02
-1.112708091735839844e+01 -1.027383327484130859e+00 -2.542533352971076965e-02
-1.117359733581542969e+01 -9.131253361701965332e-01 -2.506865933537483215e-02
-1.122014141082763672e+01 -7.992325425148010254e-01 -2.471329644322395325e-02
-1.125829029083251953e+01 -6.731641292572021484e-01 -2.432743459939956665e-02
-1.128833866119384766e+01 -5.336544513702392578e-01 -2.391038276255130768e-02
-1.131832027435302734e+01 -3.937292098999023438e-01 -2.349193021655082703e-02
-1.134836673736572266e+01 -2.542208433151245117e-01 -2.307484112679958344e-02
-1.137970638275146484e+01 -1.180951967835426331e-01 -2.268793061375617981e-02
-1.141520690917968750e+01 -1.084590423852205276e-02 -2.299096062779426575e-02
-1.144723606109619141e+01 1.366143226623535156e-01 -2.297955006361007690e-02
-1.146557426452636719e+01 4.013581275939941406e-01 -2.280321158468723297e-02
-1.147664356231689453e+01 6.556324958801269531e-01 -2.265239693224430084e-02
-1.148686218261718750e+01 9.104866981506347656e-01 -2.250050939619541168e-02
-1.149300003051757812e+01 1.102543354034423828e+00 -2.250108681619167328e-02
-1.149890804290771484e+01 1.293829441070556641e+00 -2.250461094081401825e-02
-1.150494384765625000e+01 1.484608173370361328e+00 -2.250824309885501862e-02
-1.151097965240478516e+01 1.675381183624267578e+00 -2.251189574599266052e-02
-1.151688575744628906e+01 1.866686344146728516e+00 -2.251551114022731781e-02
-1.152292060852050781e+01 2.057444095611572266e+00 -2.251914516091346741e-02
-1.152882862091064453e+01 2.248751163482666016e+00 -2.252269163727760315e-02
-1.153486824035644531e+01 2.439524173736572266e+00 -2.252633124589920044e-02
-1.154003429412841797e+01 2.630651950836181641e+00 -2.252948284149169922e-02
-1.154607295989990234e+01 2.821432590484619141e+00 -2.253305912017822266e-02
-1.155197811126708984e+01 3.012724399566650391e+00 -2.253666333854198456e-02
-1.155801582336425781e+01 3.203501224517822266e+00 -2.254027314484119415e-02
-1.156404972076416016e+01 3.394258975982666016e+00 -2.254396863281726837e-02
-1.156995868682861328e+01 3.585567951202392578e+00 -2.254752628505229950e-02
-1.157599544525146484e+01 3.776331424713134766e+00 -2.255117334425449371e-02
-1.158190250396728516e+01 3.967649936676025391e+00 -2.255476452410221100e-02
-1.158793830871582031e+01 4.158411502838134766e+00 -2.255832217633724213e-02
-1.159310722351074219e+01 4.349541187286376953e+00 -2.256142161786556244e-02
-1.159914493560791016e+01 4.540314197540283203e+00 -2.256508357822895050e-02
-1.160505104064941406e+01 4.731619358062744141e+00 -2.256867848336696625e-02
-1.161108779907226562e+01 4.922379016876220703e+00 -2.257230319082736969e-02
-1.160021114349365234e+01 5.127018451690673828e+00 -2.265653945505619049e-02
-1.158253383636474609e+01 5.336607456207275391e+00 -2.277429029345512390e-02
-1.156485462188720703e+01 5.546204090118408203e+00 -2.289195545017719269e-02
-1.154657840728759766e+01 5.722687244415283203e+00 -2.302615530788898468e-02
-1.152786064147949219e+01 5.844944477081298828e+00 -2.318585850298404694e-02
-1.150820064544677734e+01 5.967100620269775391e+00 -2.334563620388507843e-02
-1.148948574066162109e+01 6.089350223541259766e+00 -2.350532077252864838e-02
-1.147056484222412109e+01 6.211901187896728516e+00 -2.366546168923377991e-02
-1.145185184478759766e+01 6.334158420562744141e+00 -2.382514439523220062e-02
-1.143293476104736328e+01 6.456707477569580078e+00 -2.398530393838882446e-02
-1.141421699523925781e+01 6.578962802886962891e+00 -2.414500713348388672e-02
-1.139550495147705078e+01 6.701233386993408203e+00 -2.430470846593379974e-02
-1.137658500671386719e+01 6.823790073394775391e+00 -2.446486987173557281e-02
-1.135787105560302734e+01 6.946032047271728516e+00 -2.462462894618511200e-02
-1.133821105957031250e+01 7.068184375762939453e+00 -2.478435076773166656e-02
-1.131949424743652344e+01 7.190443515777587891e+00 -2.494408003985881805e-02
-1.130057716369628906e+01 7.312992572784423828e+00 -2.510422095656394958e-02
-1.128186035156250000e+01 7.435249805450439453e+00 -2.526389621198177338e-02
-1.126294326782226562e+01 7.557808399200439453e+00 -2.542409300804138184e-02
-1.124422836303710938e+01 7.680063724517822266e+00 -2.558372914791107178e-02
-1.121150207519531250e+01 7.807220935821533203e+00 -2.573646977543830872e-02
-1.113757038116455078e+01 7.948969364166259766e+00 -2.586906775832176208e-02
-1.106396293640136719e+01 8.090394973754882812e+00 -2.600128576159477234e-02
-1.098951721191406250e+01 8.231657028198242188e+00 -2.613362669944763184e-02
-1.091590785980224609e+01 8.373086929321289062e+00 -2.626591175794601440e-02
-1.084197807312011719e+01 8.514841079711914062e+00 -2.639850042760372162e-02
-1.076836967468261719e+01 8.656261444091796875e+00 -2.653075568377971649e-02
-1.069443798065185547e+01 8.798009872436523438e+00 -2.666339278221130371e-02
-1.062083148956298828e+01 8.939439773559570312e+00 -2.679562941193580627e-02
-1.054690074920654297e+01 9.081197738647460938e+00 -2.692819014191627502e-02
-1.047329425811767578e+01 9.222616195678710938e+00 -2.706043608486652374e-02
-1.039968490600585938e+01 9.364036560058593750e+00 -2.719264477491378784e-02
-1.032523822784423828e+01 9.505311965942382812e+00 -2.732505276799201965e-02
-1.025163078308105469e+01 9.646734237670898438e+00 -2.745728939771652222e-02
-1.017769908905029297e+01 9.788492202758789062e+00 -2.758988738059997559e-02
-1.010409164428710938e+01 9.929914474487304688e+00 -2.772213332355022430e-02
-1.003015995025634766e+01 1.007166862487792969e+01 -2.785473316907882690e-02
-9.956552505493164062e+00 1.021309089660644531e+01 -2.798696048557758331e-02
-9.882619857788085938e+00 1.035484695434570312e+01 -2.811953984200954437e-02
-9.809013366699218750e+00 1.049626541137695312e+01 -2.825180441141128540e-02
-9.735404014587402344e+00 1.063769149780273438e+01 -2.838401310145854950e-02
-9.661475181579589844e+00 1.077944374084472656e+01 -2.851662971079349518e-02
-9.587351799011230469e+00 1.092038726806640625e+01 -2.864866703748703003e-02
-9.513418197631835938e+00 1.106214332580566406e+01 -2.878125570714473724e-02
-9.439810752868652344e+00 1.120355987548828125e+01 -2.891349233686923981e-02
-9.365880966186523438e+00 1.134531211853027344e+01 -2.904608100652694702e-02
-9.292273521423339844e+00 1.148674774169921875e+01 -2.917834743857383728e-02
-9.218339920043945312e+00 1.162849807739257812e+01 -2.931091748178005219e-02
-9.144735336303710938e+00 1.176993179321289062e+01 -2.944319136440753937e-02
-9.071125030517578125e+00 1.191135215759277344e+01 -2.957541868090629578e-02
-8.997193336486816406e+00 1.205310058593750000e+01 -2.970801852643489838e-02
-8.927565574645996094e+00 1.217902946472167969e+01 -2.979325689375400543e-02
-8.867714881896972656e+00 1.227372550964355469e+01 -2.977934293448925018e-02
-8.808135032653808594e+00 1.236826324462890625e+01 -2.976552397012710571e-02
-8.748285293579101562e+00 1.246296882629394531e+01 -2.975161932408809662e-02
-8.688705444335937500e+00 1.255751419067382812e+01 -2.973777242004871368e-02
-8.628856658935546875e+00 1.265221405029296875e+01 -2.972388640046119690e-02
-8.569276809692382812e+00 1.274674987792968750e+01 -2.971003949642181396e-02
-8.509428024291992188e+00 1.284145927429199219e+01 -2.969606779515743256e-02
-8.449847221374511719e+00 1.293599700927734375e+01 -2.968234382569789886e-02
-8.389807701110839844e+00 1.302988815307617188e+01 -2.966781146824359894e-02
-8.329956054687500000e+00 1.312458038330078125e+01 -2.965389750897884369e-02
-8.270375251770019531e+00 1.321913337707519531e+01 -2.964013442397117615e-02
-8.210524559020996094e+00 1.331382942199707031e+01 -2.962609753012657166e-02
-8.150946617126464844e+00 1.340837097167968750e+01 -2.961242198944091797e-02
-8.091094970703125000e+00 1.350307083129882812e+01 -2.959840185940265656e-02
-8.031517982482910156e+00 1.359761047363281250e+01 -2.958466857671737671e-02
-7.971665859222412109e+00 1.369231605529785156e+01 -2.957070805132389069e-02
-7.912087917327880859e+00 1.378685760498046875e+01 -2.955696545541286469e-02
-7.852044105529785156e+00 1.388075256347656250e+01 -2.954238280653953552e-02
-7.792194843292236328e+00 1.397544288635253906e+01 -2.952840179204940796e-02
-7.732617855072021484e+00 1.406999588012695312e+01 -2.951470762491226196e-02
-7.672766685485839844e+00 1.416468429565429688e+01 -2.950072661042213440e-02
-7.609667301177978516e+00 1.425909233093261719e+01 -2.948268316686153412e-02
-7.519313812255859375e+00 1.435257911682128906e+01 -2.943171933293342590e-02
-7.429285526275634766e+00 1.444591903686523438e+01 -2.938110753893852234e-02
-7.338928699493408203e+00 1.453940200805664062e+01 -2.933015301823616028e-02
-7.248899936676025391e+00 1.463273811340332031e+01 -2.927946485579013824e-02
-7.158592224121093750e+00 1.472542190551757812e+01 -2.922828122973442078e-02
-7.068238258361816406e+00 1.481891250610351562e+01 -2.917731739580631256e-02
-6.978207111358642578e+00 1.491224193572998047e+01 -2.912664785981178284e-02
-6.889142513275146484e+00 1.500260162353515625e+01 -2.907487377524375916e-02
-6.790931224822998047e+00 1.505295562744140625e+01 -2.898262441158294678e-02
-6.688191890716552734e+00 1.514093875885009766e+01 -2.886482700705528259e-02
-6.594645977020263672e+00 1.523112297058105469e+01 -2.875697612762451172e-02
-6.509027004241943359e+00 1.532012653350830078e+01 -2.865887992084026337e-02
-6.420462608337402344e+00 1.541039180755615234e+01 -2.855689451098442078e-02
-6.334665298461914062e+00 1.549868583679199219e+01 -2.845834195613861084e-02
-6.246102333068847656e+00 1.558896160125732422e+01 -2.835636585950851440e-02
-6.160483360290527344e+00 1.567796134948730469e+01 -2.825820446014404297e-02
-6.074862957000732422e+00 1.576695919036865234e+01 -2.816010825335979462e-02
-5.986296653747558594e+00 1.585722541809082031e+01 -2.805812284350395203e-02
-5.900679111480712891e+00 1.594622993469238281e+01 -2.796000987291336060e-02
-5.812110900878906250e+00 1.603650474548339844e+01 -2.785798534750938416e-02
-5.726492404937744141e+00 1.612550163269042969e+01 -2.775990962982177734e-02
-5.637927055358886719e+00 1.621577262878417969e+01 -2.765791304409503937e-02
-5.552131175994873047e+00 1.630407333374023438e+01 -2.755933254957199097e-02
-5.463567256927490234e+00 1.639433479309082031e+01 -2.745734713971614838e-02
-5.377947807312011719e+00 1.648333549499511719e+01 -2.735922299325466156e-02
-5.292326927185058594e+00 1.657234001159667969e+01 -2.726111747324466705e-02
-5.203761100769042969e+00 1.666260719299316406e+01 -2.715914137661457062e-02
-5.118146419525146484e+00 1.675161170959472656e+01 -2.706099860370159149e-02
-5.029577255249023438e+00 1.684189033508300781e+01 -2.695903182029724121e-02
-4.943958759307861328e+00 1.693088340759277344e+01 -2.686090022325515747e-02
-4.855391502380371094e+00 1.702115058898925781e+01 -2.675890363752841949e-02
-4.767586231231689453e+00 1.709831428527832031e+01 -2.668917179107666016e-02
-4.674510478973388672e+00 1.716361236572265625e+01 -2.665176801383495331e-02
-4.584517002105712891e+00 1.722837829589843750e+01 -2.661635726690292358e-02
-4.494517326354980469e+00 1.729315376281738281e+01 -2.658099681138992310e-02
-4.401443481445312500e+00 1.735845756530761719e+01 -2.654360234737396240e-02
-4.311444282531738281e+00 1.742323112487792969e+01 -2.650824934244155884e-02
-4.218369960784912109e+00 1.748853492736816406e+01 -2.647082693874835968e-02
-4.128377437591552734e+00 1.755330848693847656e+01 -2.643543668091297150e-02
-4.035301208496093750e+00 1.761861610412597656e+01 -2.639806270599365234e-02
-3.945129632949829102e+00 1.768267631530761719e+01 -2.636219374835491180e-02
-3.852055072784423828e+00 1.774798774719238281e+01 -2.632477134466171265e-02
-3.762057304382324219e+00 1.781275939941406250e+01 -2.628937177360057831e-02
-3.672062635421752930e+00 1.787752151489257812e+01 -2.625400945544242859e-02
-3.578989267349243164e+00 1.794282722473144531e+01 -2.621656842529773712e-02
-3.488991022109985352e+00 1.800760459899902344e+01 -2.618121542036533356e-02
-3.395917177200317383e+00 1.807290649414062500e+01 -2.614377439022064209e-02
-3.305921792984008789e+00 1.813767242431640625e+01 -2.610846981406211853e-02
-3.212844133377075195e+00 1.820298004150390625e+01 -2.607103809714317322e-02
-3.122676849365234375e+00 1.826704978942871094e+01 -2.603519894182682037e-02
-3.029602050781250000e+00 1.833236122131347656e+01 -2.599779516458511353e-02
-2.939603090286254883e+00 1.839712524414062500e+01 -2.596240490674972534e-02
-2.849609375000000000e+00 1.846189498901367188e+01 -2.592699415981769562e-02
-2.756534576416015625e+00 1.852720642089843750e+01 -2.588962949812412262e-02
-2.666537046432495117e+00 1.859197044372558594e+01 -2.585422992706298828e-02
-2.573462247848510742e+00 1.865727996826171875e+01 -2.581683546304702759e-02
-2.483467578887939453e+00 1.872205162048339844e+01 -2.578138746321201324e-02
-2.390390634536743164e+00 1.878735923767089844e+01 -2.574401348829269409e-02
-2.300219774246215820e+00 1.885143089294433594e+01 -2.570818364620208740e-02
-2.207146883010864258e+00 1.891673469543457031e+01 -2.567082829773426056e-02
-2.117147684097290039e+00 1.898150062561035156e+01 -2.563543803989887238e-02
-2.024074316024780273e+00 1.904680442810058594e+01 -2.559800632297992706e-02
-1.934078574180603027e+00 1.911157226562500000e+01 -2.556262351572513580e-02
-1.844082474708557129e+00 1.917634201049804688e+01 -2.552718669176101685e-02
-1.751007318496704102e+00 1.924164772033691406e+01 -2.548982948064804077e-02
-1.661010503768920898e+00 1.930642318725585938e+01 -2.545444853603839874e-02
-1.567933201789855957e+00 1.937172698974609375e+01 -2.541708387434482574e-02
-1.477767944335937500e+00 1.943579292297363281e+01 -2.538114972412586212e-02
-1.384692192077636719e+00 1.950110816955566406e+01 -2.534379437565803528e-02
-1.294695138931274414e+00 1.956587219238281250e+01 -2.530837431550025940e-02
