-6.612030029296875000e+00 2.224295735359191895e-01 -1.423673778772354126e-01
-6.378327369689941406e+00 8.551148772239685059e-01 -3.133696913719177246e-01
-6.104043483734130859e+00 1.494575858116149902e+00 -4.503910541534423828e-01
-5.818954944610595703e+00 2.086000680923461914e+00 -6.401345729827880859e-01
-5.464593410491943359e+00 2.642769575119018555e+00 -7.839336991310119629e-01
-5.041461944580078125e+00 3.152955293655395508e+00 -8.572274446487426758e-01
-4.546292304992675781e+00 3.661072492599487305e+00 -8.839099407196044922e-01
-3.970319986343383789e+00 4.148237228393554688e+00 -7.934235334396362305e-01
-3.324712991714477539e+00 4.557609081268310547e+00 -7.089182138442993164e-01
-2.575724601745605469e+00 5.038277149200439453e+00 -6.306737661361694336e-01
-1.849039912223815918e+00 5.510494709014892578e+00 -4.726536273956298828e-01
-1.262036561965942383e+00 5.784560680389404297e+00 -3.653921484947204590e-01
-6.568830013275146484e-01 5.980254650115966797e+00 -2.698385119438171387e-01
-5.411586165428161621e-02 6.094794750213623047e+00 -1.602416038513183594e-01
5.928265452384948730e-01 6.117371559143066406e+00 -5.208635330200195312e-02
1.196361660957336426e+00 6.033414363861083984e+00 -5.456882715225219727e-02
1.746114730834960938e+00 5.859970092773437500e+00 -7.909995317459106445e-02
2.261450529098510742e+00 5.658442020416259766e+00 -1.341023445129394531e-01
2.785926342010498047e+00 5.421329498291015625e+00 -1.516833305358886719e-01
3.355017185211181641e+00 5.153379917144775391e+00 -1.068522930145263672e-01
3.880899667739868164e+00 4.806206703186035156e+00 -1.206575632095336914e-01
4.325523376464843750e+00 4.390003204345703125e+00 -1.280647516250610352e-01
4.686409473419189453e+00 3.957067728042602539e+00 -1.298428773880004883e-01
5.036000728607177734e+00 3.550882816314697266e+00 -1.359865665435791016e-01
5.346875667572021484e+00 3.162933588027954102e+00 -1.353902816772460938e-01
5.610272407531738281e+00 2.793804883956909180e+00 -9.666895866394042969e-02
5.859560012817382812e+00 2.421074151992797852e+00 -3.742021322250366211e-02
6.083178520202636719e+00 2.025333166122436523e+00 9.678721427917480469e-03
6.233816146850585938e+00 1.615803122520446777e+00 4.316526651382446289e-02
6.353223800659179688e+00 1.197510719299316406e+00 6.662935018539428711e-02
6.457674026489257812e+00 7.759072780609130859e-01 8.190667629241943359e-02
6.533840656280517578e+00 3.564646542072296143e-01 7.036191225051879883e-02
6.575501918792724609e+00 -1.399141550064086914e-02 5.064094066619873047e-02
6.572447776794433594e+00 -4.037860035896301270e-01 1.605778932571411133e-02
6.595573425292968750e+00 -8.722431063652038574e-01 -1.974017024040222168e-01
6.584814548492431641e+00 -1.257691383361816406e+00 -2.028671205043792725e-01
6.619483470916748047e+00 -1.656182050704956055e+00 -1.889268755912780762e-01
6.642628669738769531e+00 -2.067105293273925781e+00 -1.561096310615539551e-01
6.567416191101074219e+00 -2.471011877059936523e+00 -1.134950518608093262e-01
6.467238426208496094e+00 -2.831742763519287109e+00 -8.859798312187194824e-02
6.311745166778564453e+00 -3.183675050735473633e+00 -6.687942147254943848e-02
6.148076057434082031e+00 -3.517454624176025391e+00 -5.615946650505065918e-02
5.977128028869628906e+00 -3.872380971908569336e+00 -4.011262953281402588e-02
5.813905715942382812e+00 -4.233082294464111328e+00 -3.477270901203155518e-02
5.632381439208984375e+00 -4.560608863830566406e+00 -3.617036342620849609e-02
5.433468818664550781e+00 -4.873075962066650391e+00 -4.336923360824584961e-02
5.239694118499755859e+00 -5.167180538177490234e+00 -6.200736761093139648e-02
5.000791072845458984e+00 -5.440810680389404297e+00 -4.123268276453018188e-02
4.765869140625000000e+00 -5.686562538146972656e+00 -2.566638216376304626e-02
4.520344734191894531e+00 -5.916310310363769531e+00 -4.828070849180221558e-02
4.235170841217041016e+00 -6.158912658691406250e+00 -4.872394353151321411e-02
3.939849138259887695e+00 -6.398305416107177734e+00 -4.575433209538459778e-02
3.644963741302490234e+00 -6.630040168762207031e+00 -5.235782265663146973e-02
3.341377258300781250e+00 -6.847713947296142578e+00 -6.148581579327583313e-02
3.032557010650634766e+00 -7.053517341613769531e+00 -7.143369317054748535e-02
2.749708175659179688e+00 -7.249226570129394531e+00 -8.606092631816864014e-02
2.475120067596435547e+00 -7.433421611785888672e+00 -1.115020960569381714e-01
2.236857891082763672e+00 -7.576515674591064453e+00 -1.243236809968948364e-01
1.973445057868957520e+00 -7.701617240905761719e+00 -1.082191765308380127e-01
1.685477137565612793e+00 -7.816177368164062500e+00 -9.060417115688323975e-02
1.386538386344909668e+00 -7.923634529113769531e+00 -7.834020256996154785e-02
1.013270616531372070e+00 -8.025097846984863281e+00 -6.058208644390106201e-02
6.441366076469421387e-01 -8.099698066711425781e+00 -3.370590507984161377e-02
2.770680785179138184e-01 -8.141212463378906250e+00 8.909404277801513672e-05
-5.746263265609741211e-02 -8.172660827636718750e+00 3.066647052764892578e-02
-2.945868968963623047e-01 -8.203969955444335938e+00 6.066605448722839355e-03
-5.375009775161743164e-01 -8.233335494995117188e+00 -1.589575409889221191e-02
-7.841963768005371094e-01 -8.253852844238281250e+00 -3.687161207199096680e-02
-1.033808708190917969e+00 -8.258452415466308594e+00 -5.250483751296997070e-02
-1.313771724700927734e+00 -8.254556655883789062e+00 -6.674347817897796631e-02
-1.584882140159606934e+00 -8.239245414733886719e+00 -8.169087767601013184e-02
-1.868881940841674805e+00 -8.214104652404785156e+00 -9.255199134349822998e-02
-2.160196781158447266e+00 -8.173390388488769531e+00 -8.855456113815307617e-02
-2.447156667709350586e+00 -8.112500190734863281e+00 -1.440014094114303589e-01
-2.730224847793579102e+00 -8.071889877319335938e+00 -1.245591342449188232e-01
-3.056451082229614258e+00 -8.029177665710449219e+00 -5.025707185268402100e-02
-3.339785099029541016e+00 -7.980032920837402344e+00 -8.329167962074279785e-03
-3.594729185104370117e+00 -7.921781063079833984e+00 -5.973637104034423828e-03
-3.881211757659912109e+00 -7.854580879211425781e+00 -1.945006847381591797e-02
-4.161901473999023438e+00 -7.787877559661865234e+00 -2.612067013978958130e-02
-4.431599617004394531e+00 -7.710318088531494141e+00 -2.247320115566253662e-02
-4.650613784790039062e+00 -7.619294643402099609e+00 -4.567260295152664185e-02
-4.874417304992675781e+00 -7.520438671112060547e+00 -6.630221754312515259e-02
-5.117635250091552734e+00 -7.409193515777587891e+00 -6.767448782920837402e-02
-5.359455585479736328e+00 -7.295111179351806641e+00 -6.498418748378753662e-02
-5.596703052520751953e+00 -7.174134254455566406e+00 -6.483739614486694336e-02
-5.822326660156250000e+00 -7.052070617675781250e+00 -5.450087785720825195e-02
-6.032522678375244141e+00 -6.931437492370605469e+00 -4.014015197753906250e-02
-6.234985351562500000e+00 -6.808386325836181641e+00 -2.494859695434570312e-02
-6.440991401672363281e+00 -6.681199550628662109e+00 -1.900201663374900818e-02
-6.643894672393798828e+00 -6.547096252441406250e+00 -1.142063923180103302e-02
-6.840462207794189453e+00 -6.408040046691894531e+00 -4.316084086894989014e-04
-7.032586574554443359e+00 -6.264258861541748047e+00 1.121334731578826904e-02
-7.225395202636718750e+00 -6.115701675415039062e+00 2.305150032043457031e-02
-7.418225288391113281e+00 -5.962682723999023438e+00 3.318216651678085327e-02
-7.611866950988769531e+00 -5.794431686401367188e+00 2.852907776832580566e-02
-7.794175624847412109e+00 -5.632185935974121094e+00 1.203171908855438232e-02
-7.951118469238281250e+00 -5.497174739837646484e+00 -5.730181932449340820e-03
-8.120334625244140625e+00 -5.349920749664306641e+00 -2.258504927158355713e-02
-8.285551071166992188e+00 -5.205581665039062500e+00 -3.251425921916961670e-02
-8.450743675231933594e+00 -5.061448574066162109e+00 -3.707066178321838379e-02
-8.613242149353027344e+00 -4.916031360626220703e+00 -3.898428380489349365e-02
-8.773797988891601562e+00 -4.754317283630371094e+00 -3.770950436592102051e-02
-8.926092147827148438e+00 -4.601189613342285156e+00 -2.100017666816711426e-02
-9.067032814025878906e+00 -4.451414585113525391e+00 1.740515232086181641e-03
-9.202039718627929688e+00 -4.305569648742675781e+00 2.438098192214965820e-02
-9.333570480346679688e+00 -4.082577705383300781e+00 -3.399300575256347656e-02
-9.447411537170410156e+00 -3.826168537139892578e+00 -9.900450706481933594e-03
-9.550947189331054688e+00 -3.618621349334716797e+00 3.780245780944824219e-03
-9.676954269409179688e+00 -3.402957439422607422e+00 2.101004123687744141e-03
-9.842251777648925781e+00 -3.167646884918212891e+00 -1.001864671707153320e-02
-9.889546394348144531e+00 -3.019083738327026367e+00 1.583039760589599609e-02
-9.894414901733398438e+00 -2.895699739456176758e+00 4.009044170379638672e-02
-1.002168273925781250e+01 -2.730536937713623047e+00 4.244089126586914062e-02
-1.018466091156005859e+01 -2.574035167694091797e+00 6.503954529762268066e-02
-1.034104442596435547e+01 -2.367515802383422852e+00 4.098817706108093262e-02
-1.050551128387451172e+01 -2.154682159423828125e+00 4.503136873245239258e-02
-1.049375915527343750e+01 -1.951156735420227051e+00 1.474258303642272949e-02
-1.055857467651367188e+01 -1.815352678298950195e+00 4.062765836715698242e-02
-1.063890933990478516e+01 -1.687071800231933594e+00 5.714401602745056152e-02
-1.070895576477050781e+01 -1.503682374954223633e+00 4.760915040969848633e-02
-1.077702236175537109e+01 -1.314888358116149902e+00 4.579168558120727539e-02
-1.084507560729980469e+01 -1.120398521423339844e+00 4.408431053161621094e-02
-1.091685581207275391e+01 -9.151911139488220215e-01 4.693984985351562500e-02
-1.098896694183349609e+01 -7.053700685501098633e-01 5.574902892112731934e-02
-1.105980396270751953e+01 -4.872666597366333008e-01 7.086205482482910156e-02
-1.112647247314453125e+01 -3.021613955497741699e-01 8.269622921943664551e-02
-1.117689609527587891e+01 -1.637221574783325195e-01 7.885944843292236328e-02
-1.122679138183593750e+01 -1.423284411430358887e-02 7.300680875778198242e-02
-1.128395652770996094e+01 1.608329862356185913e-01 6.605216860771179199e-02
-1.133542442321777344e+01 3.414468169212341309e-01 5.757296085357666016e-02
-1.138582229614257812e+01 5.279749035835266113e-01 4.723799228668212891e-02
-1.143639564514160156e+01 7.261891365051269531e-01 3.677099943161010742e-02
-1.145596504211425781e+01 9.275056123733520508e-01 2.122524380683898926e-02
-1.146136474609375000e+01 1.130801439285278320e+00 -5.264908075332641602e-03
-1.149964046478271484e+01 1.281940817832946777e+00 -5.678832530975341797e-04
-1.153233528137207031e+01 1.450831532478332520e+00 2.238351106643676758e-02
-1.154579734802246094e+01 1.617479562759399414e+00 3.400683403015136719e-02
-1.155476665496826172e+01 1.784463882446289062e+00 3.794106841087341309e-02
-1.156655120849609375e+01 1.962328910827636719e+00 3.537139296531677246e-02
-1.157546329498291016e+01 2.141813755035400391e+00 2.738061547279357910e-02
-1.159144496917724609e+01 2.332376718521118164e+00 2.627438306808471680e-02
-1.160886287689208984e+01 2.517724037170410156e+00 3.228083252906799316e-02
-1.162805747985839844e+01 2.683228015899658203e+00 3.728270530700683594e-02
-1.164571952819824219e+01 2.848840236663818359e+00 3.674310445785522461e-02
-1.166539573669433594e+01 3.024034738540649414e+00 2.596929669380187988e-02
-1.167924880981445312e+01 3.195904016494750977e+00 3.447064757347106934e-02
-1.167333126068115234e+01 3.368956089019775391e+00 4.213726520538330078e-02
-1.165849685668945312e+01 3.551010608673095703e+00 4.196089506149291992e-02
-1.164434432983398438e+01 3.728975772857666016e+00 3.960907459259033203e-02
-1.163349628448486328e+01 3.900813102722167969e+00 4.067644476890563965e-02
-1.162547111511230469e+01 4.069935798645019531e+00 2.549362182617187500e-02
-1.161435413360595703e+01 4.234202384948730469e+00 -3.615677356719970703e-03
-1.160292434692382812e+01 4.396622657775878906e+00 -2.660989761352539062e-02
-1.160181713104248047e+01 4.562920570373535156e+00 -1.171904802322387695e-02
-1.159127330780029297e+01 4.725457668304443359e+00 -1.298630237579345703e-02
-1.158020687103271484e+01 4.881271839141845703e+00 -2.282276749610900879e-02
-1.157395648956298828e+01 5.062394142150878906e+00 1.160740852355957031e-03
-1.155640983581542969e+01 5.258410930633544922e+00 5.312633514404296875e-02
-1.153015327453613281e+01 5.453250885009765625e+00 8.674527704715728760e-02
-1.150191307067871094e+01 5.629703044891357422e+00 1.040951609611511230e-01
-1.144719219207763672e+01 5.741944313049316406e+00 7.216325402259826660e-02
-1.139214324951171875e+01 5.843976497650146484e+00 3.800524771213531494e-02
-1.140529823303222656e+01 6.014927387237548828e+00 8.038629591464996338e-02
-1.140989494323730469e+01 6.194843769073486328e+00 1.082678586244583130e-01
-1.139894771575927734e+01 6.375635623931884766e+00 1.191310882568359375e-01
-1.137996768951416016e+01 6.551160812377929688e+00 1.172251701354980469e-01
-1.135197353363037109e+01 6.734721660614013672e+00 1.077728569507598877e-01
-1.132223987579345703e+01 6.915804386138916016e+00 8.179952204227447510e-02
-1.128567409515380859e+01 7.077391624450683594e+00 5.731971561908721924e-02
-1.123650932312011719e+01 7.184904098510742188e+00 7.248404622077941895e-02
-1.118234157562255859e+01 7.308263301849365234e+00 8.637687563896179199e-02
-1.112438392639160156e+01 7.457418918609619141e+00 1.080337315797805786e-01
-1.106327724456787109e+01 7.632001399993896484e+00 1.180729269981384277e-01
-1.101038551330566406e+01 7.799407958984375000e+00 1.141373217105865479e-01
-1.096405410766601562e+01 7.951665401458740234e+00 9.547015279531478882e-02
-1.091328239440917969e+01 8.089206695556640625e+00 6.805645674467086792e-02
-1.087156963348388672e+01 8.227087974548339844e+00 7.639852166175842285e-02
-1.083838844299316406e+01 8.375058174133300781e+00 1.154705286026000977e-01
-1.079822826385498047e+01 8.521208763122558594e+00 1.329126954078674316e-01
-1.075965404510498047e+01 8.674610137939453125e+00 1.446909010410308838e-01
-1.071621227264404297e+01 8.833683013916015625e+00 1.475126445293426514e-01
-1.066925716400146484e+01 8.970019340515136719e+00 1.361498534679412842e-01
-1.062100219726562500e+01 9.102714538574218750e+00 1.213490366935729980e-01
-1.056826496124267578e+01 9.239631652832031250e+00 1.007566303014755249e-01
-1.051286697387695312e+01 9.370790481567382812e+00 7.542813569307327271e-02
-1.045690631866455078e+01 9.493719100952148438e+00 4.858233034610748291e-02
-1.039713287353515625e+01 9.613596916198730469e+00 1.982253417372703552e-02
-1.033688449859619141e+01 9.758019447326660156e+00 1.452957093715667725e-02
-1.027621746063232422e+01 9.912715911865234375e+00 2.482821792364120483e-02
-1.020915317535400391e+01 1.004572486877441406e+01 3.823228925466537476e-02
-1.014541149139404297e+01 1.016560554504394531e+01 5.027080699801445007e-02
-1.007800960540771484e+01 1.028116416931152344e+01 6.457586586475372314e-02
-1.001377105712890625e+01 1.041570758819580078e+01 7.467393577098846436e-02
-9.946117401123046875e+00 1.056886959075927734e+01 6.599946320056915283e-02
-9.880310058593750000e+00 1.071898365020751953e+01 5.595167726278305054e-02
-9.816792488098144531e+00 1.085415554046630859e+01 4.648225754499435425e-02
-9.758615493774414062e+00 1.097046947479248047e+01 3.787836059927940369e-02
-9.688450813293457031e+00 1.109599590301513672e+01 2.650868520140647888e-02
-9.616346359252929688e+00 1.122089958190917969e+01 2.011449262499809265e-02
-9.547975540161132812e+00 1.134175300598144531e+01 2.211365103721618652e-02
-9.477066040039062500e+00 1.146275806427001953e+01 2.282068878412246704e-02
-9.409519195556640625e+00 1.158672046661376953e+01 2.279682829976081848e-02
-9.339446067810058594e+00 1.171640396118164062e+01 2.367427200078964233e-02
-9.269555091857910156e+00 1.184435558319091797e+01 2.558320760726928711e-02
-9.201088905334472656e+00 1.196068572998046875e+01 3.070281445980072021e-02
-9.133504867553710938e+00 1.206697273254394531e+01 3.660809248685836792e-02
-9.067566871643066406e+00 1.216535949707031250e+01 4.287081584334373474e-02
-9.003489494323730469e+00 1.226795291900634766e+01 4.999913647770881653e-02
-8.940718650817871094e+00 1.237043762207031250e+01 5.620379745960235596e-02
-8.876869201660156250e+00 1.247228622436523438e+01 6.310971081256866455e-02
-8.811391830444335938e+00 1.257450675964355469e+01 7.051235437393188477e-02
-8.740619659423828125e+00 1.268155860900878906e+01 7.835392653942108154e-02
-8.669305801391601562e+00 1.278731536865234375e+01 8.591064065694808960e-02
-8.595760345458984375e+00 1.290550708770751953e+01 7.931155711412429810e-02
-8.520475387573242188e+00 1.302016067504882812e+01 7.384711503982543945e-02
-8.441572189331054688e+00 1.313416481018066406e+01 6.832179427146911621e-02
-8.360230445861816406e+00 1.325185203552246094e+01 6.330588459968566895e-02
-8.284472465515136719e+00 1.335762977600097656e+01 5.631743744015693665e-02
-8.209117889404296875e+00 1.345664215087890625e+01 4.972070083022117615e-02
-8.134209632873535156e+00 1.355967998504638672e+01 4.610665515065193176e-02
-8.057990074157714844e+00 1.366219615936279297e+01 4.363096505403518677e-02
-7.978875160217285156e+00 1.376537227630615234e+01 4.088742285966873169e-02
-7.899214744567871094e+00 1.386672973632812500e+01 3.771106526255607605e-02
-7.818682670593261719e+00 1.396607589721679688e+01 3.509122878313064575e-02
-7.739470481872558594e+00 1.406582641601562500e+01 3.379222378134727478e-02
-7.658093929290771484e+00 1.416873264312744141e+01 3.215304389595985413e-02
-7.579947948455810547e+00 1.426362037658691406e+01 3.307700157165527344e-02
-7.506043910980224609e+00 1.434927845001220703e+01 3.606916591525077820e-02
-7.429660797119140625e+00 1.443719387054443359e+01 3.977938368916511536e-02
-7.349007129669189453e+00 1.452922344207763672e+01 4.288064315915107727e-02
-7.267546653747558594e+00 1.462017250061035156e+01 4.608424380421638489e-02
-7.184741497039794922e+00 1.471258926391601562e+01 5.031015351414680481e-02
-7.101881027221679688e+00 1.480554676055908203e+01 5.352229997515678406e-02
-7.020249366760253906e+00 1.489517402648925781e+01 5.755967646837234497e-02
-6.944492816925048828e+00 1.497861289978027344e+01 5.616481229662895203e-02
-6.869938850402832031e+00 1.506586360931396484e+01 4.892267286777496338e-02
-6.798725128173828125e+00 1.514769268035888672e+01 4.224596545100212097e-02
-6.723119735717773438e+00 1.522915267944335938e+01 3.401783853769302368e-02
-6.646445274353027344e+00 1.532233619689941406e+01 2.443951368331909180e-02
-6.567011833190917969e+00 1.541626167297363281e+01 1.353156566619873047e-02
-6.489106178283691406e+00 1.550911426544189453e+01 8.706599473953247070e-03
-6.407353401184082031e+00 1.560415840148925781e+01 7.782682776451110840e-03
-6.328672885894775391e+00 1.569508361816406250e+01 9.372934699058532715e-03
-6.246461391448974609e+00 1.578934955596923828e+01 1.229181885719299316e-02
-6.167736053466796875e+00 1.587665081024169922e+01 1.650840789079666138e-02
-6.082390308380126953e+00 1.595892429351806641e+01 2.241390943527221680e-02
-5.994849205017089844e+00 1.603972244262695312e+01 2.963785082101821899e-02
-5.917552471160888672e+00 1.611332893371582031e+01 3.746726736426353455e-02
-5.841376304626464844e+00 1.618297958374023438e+01 4.129573702812194824e-02
-5.764175415039062500e+00 1.625729560852050781e+01 5.331330746412277222e-02
-5.681843757629394531e+00 1.633641624450683594e+01 7.012686878442764282e-02
-5.602189064025878906e+00 1.641621017456054688e+01 8.845223486423492432e-02
-5.527107715606689453e+00 1.649688529968261719e+01 9.828211367130279541e-02
-5.451335906982421875e+00 1.658735847473144531e+01 9.738215804100036621e-02
-5.373204231262207031e+00 1.667638587951660156e+01 8.947677165269851685e-02
-5.290054798126220703e+00 1.676377105712890625e+01 8.198441565036773682e-02
-5.192548751831054688e+00 1.685889053344726562e+01 7.556971907615661621e-02
-5.095054149627685547e+00 1.694953536987304688e+01 7.150025665760040283e-02
-5.007349967956542969e+00 1.702865982055664062e+01 6.656125187873840332e-02
-4.917194843292236328e+00 1.710572814941406250e+01 6.269387900829315186e-02
-4.829154014587402344e+00 1.717809295654296875e+01 5.993272364139556885e-02
-4.737756729125976562e+00 1.724889183044433594e+01 5.784873291850090027e-02
-4.647995948791503906e+00 1.731836891174316406e+01 5.618500709533691406e-02
-4.555069923400878906e+00 1.738917160034179688e+01 5.439762398600578308e-02
-4.457325935363769531e+00 1.745980834960937500e+01 5.235195532441139221e-02
-4.356188774108886719e+00 1.753409194946289062e+01 2.419323474168777466e-02
-4.265872955322265625e+00 1.760526084899902344e+01 5.238987505435943604e-03
-4.201744079589843750e+00 1.766521835327148438e+01 9.663207456469535828e-03
-4.131316184997558594e+00 1.772741889953613281e+01 1.550552062690258026e-02
-4.064265727996826172e+00 1.778470039367675781e+01 2.126562595367431641e-02
-3.984933137893676758e+00 1.784938430786132812e+01 2.443443611264228821e-02
-3.900455713272094727e+00 1.792173004150390625e+01 2.381397038698196411e-02
-3.816868066787719727e+00 1.799180030822753906e+01 3.028008528053760529e-02
-3.731153249740600586e+00 1.806421852111816406e+01 3.942792862653732300e-02
-3.649765253067016602e+00 1.813282394409179688e+01 4.805822297930717468e-02
-3.561217308044433594e+00 1.820288658142089844e+01 5.929128825664520264e-02
-3.471151351928710938e+00 1.827378463745117188e+01 7.350385934114456177e-02
-3.383945465087890625e+00 1.833887481689453125e+01 7.908824831247329712e-02
-3.302233219146728516e+00 1.840086555480957031e+01 7.726898044347763062e-02
-3.217314004898071289e+00 1.847117042541503906e+01 7.818977534770965576e-02
-3.131352901458740234e+00 1.854253196716308594e+01 7.959350198507308960e-02
-3.044392585754394531e+00 1.861085510253906250e+01 8.313830196857452393e-02
-2.953156709671020508e+00 1.867708015441894531e+01 9.951565414667129517e-02
-2.868679046630859375e+00 1.873716735839843750e+01 1.239585131406784058e-01
-2.787748336791992188e+00 1.879151535034179688e+01 1.191717237234115601e-01
-2.712416172027587891e+00 1.884402275085449219e+01 1.189817935228347778e-01
-2.636314392089843750e+00 1.889928054809570312e+01 1.238223686814308167e-01
-2.551962852478027344e+00 1.896411514282226562e+01 1.315607726573944092e-01
-2.468182086944580078e+00 1.902616882324218750e+01 1.423086822032928467e-01
-2.388126850128173828e+00 1.908703613281250000e+01 1.520370543003082275e-01
-2.302331924438476562e+00 1.915203857421875000e+01 1.355782598257064819e-01
-2.220200061798095703e+00 1.921492004394531250e+01 1.230990663170814514e-01
-2.137571811676025391e+00 1.927620697021484375e+01 1.118054911494255066e-01
-2.049824953079223633e+00 1.933750724792480469e+01 1.022290438413619995e-01
-1.965754389762878418e+00 1.939567565917968750e+01 9.222100675106048584e-02
-1.877607345581054688e+00 1.945300865173339844e+01 8.445381373167037964e-02
-1.799449443817138672e+00 1.950445365905761719e+01 7.656079530715942383e-02
-1.716583490371704102e+00 1.955315589904785156e+01 6.845593452453613281e-02
-1.633519411087036133e+00 1.960053825378417969e+01 6.338517367839813232e-02
