-6.489855289459228516e+00 2.147649049758911133e+00 8.089863061904907227e-01
-6.093827247619628906e+00 2.529462814331054688e+00 6.858808994293212891e-01
-5.672769069671630859e+00 2.886412143707275391e+00 5.681856870651245117e-01
-5.231482505798339844e+00 3.215143203735351562e+00 4.570991396903991699e-01
-4.770570755004882812e+00 3.515630960464477539e+00 3.529032170772552490e-01
-4.284048557281494141e+00 3.792608499526977539e+00 2.559975385665893555e-01
-3.770657062530517578e+00 4.046487808227539062e+00 1.678836047649383545e-01
-3.240975379943847656e+00 4.267732620239257812e+00 8.887681365013122559e-02
-2.700915813446044922e+00 4.454660415649414062e+00 1.992959529161453247e-02
-2.149517536163330078e+00 4.607789516448974609e+00 -3.870083019137382507e-02
-1.592794537544250488e+00 4.726181507110595703e+00 -8.621355891227722168e-02
-1.029848217964172363e+00 4.810417652130126953e+00 -1.223498731851577759e-01
-4.667137861251831055e-01 4.860376834869384766e+00 -1.465011537075042725e-01
9.591352939605712891e-02 4.876587867736816406e+00 -1.583447754383087158e-01
6.572977900505065918e-01 4.859326362609863281e+00 -1.574530303478240967e-01
1.211544156074523926e+00 4.809700012207031250e+00 -1.436006128787994385e-01
1.759719610214233398e+00 4.727963447570800781e+00 -1.163656413555145264e-01
2.296206951141357422e+00 4.615940093994140625e+00 -7.578739523887634277e-02
2.822054386138916016e+00 4.473813533782958984e+00 -2.141097187995910645e-02
3.332035541534423828e+00 4.303954601287841797e+00 4.647812247276306152e-02
3.827167272567749023e+00 4.106634616851806641e+00 1.283106505870819092e-01
4.302661895751953125e+00 3.884806156158447266e+00 2.235284447669982910e-01
4.757760047912597656e+00 3.561096191406250000e+00 3.124576807022094727e-01
5.182625770568847656e+00 3.200360059738159180e+00 4.099467396736145020e-01
5.572721481323242188e+00 2.820201635360717773e+00 5.172889232635498047e-01
5.727595329284667969e+00 2.519460439682006836e+00 4.477640688419342041e-01
5.845296382904052734e+00 2.228180885314941406e+00 3.628478944301605225e-01
5.961303234100341797e+00 1.912659525871276855e+00 2.827368974685668945e-01
6.082978248596191406e+00 1.554984092712402344e+00 2.117632031440734863e-01
6.205466270446777344e+00 1.143637299537658691e+00 1.504480838775634766e-01
6.310327529907226562e+00 7.307575345039367676e-01 1.042376756668090820e-01
6.397531509399414062e+00 3.151435852050781250e-01 7.238233089447021484e-02
6.466574668884277344e+00 -9.946925938129425049e-02 5.442810058593750000e-02
6.517448425292968750e+00 -5.130806565284729004e-01 4.965847730636596680e-02
6.547492980957031250e+00 -9.257113337516784668e-01 5.384176969528198242e-02
6.532414913177490234e+00 -1.334431409835815430e+00 2.971160411834716797e-02
6.500068187713623047e+00 -1.740136384963989258e+00 1.653444766998291016e-02
6.451059818267822266e+00 -2.139430761337280273e+00 1.371729373931884766e-02
6.384999752044677734e+00 -2.533596515655517578e+00 2.057492733001708984e-02
6.295474052429199219e+00 -2.923084259033203125e+00 2.425551414489746094e-02
6.183444023132324219e+00 -3.308257818222045898e+00 2.723205089569091797e-02
6.047465801239013672e+00 -3.661861419677734375e+00 1.645994186401367188e-02
5.878800868988037109e+00 -3.954821109771728516e+00 -4.143035411834716797e-02
5.699726104736328125e+00 -4.240592002868652344e+00 -9.294903278350830078e-02
5.512005805969238281e+00 -4.517276763916015625e+00 -1.379735469818115234e-01
5.314705848693847656e+00 -4.786002159118652344e+00 -1.769448518753051758e-01
5.098224163055419922e+00 -5.063479423522949219e+00 -2.047616243362426758e-01
4.862983226776123047e+00 -5.344468593597412109e+00 -2.221547365188598633e-01
4.619263648986816406e+00 -5.612726211547851562e+00 -2.336815595626831055e-01
4.366127967834472656e+00 -5.869379997253417969e+00 -2.397775650024414062e-01
4.105808258056640625e+00 -6.112830638885498047e+00 -2.407550811767578125e-01
3.838244915008544922e+00 -6.343758106231689453e+00 -2.369869947433471680e-01
3.562793493270874023e+00 -6.561933040618896484e+00 -2.288798093795776367e-01
3.282895565032958984e+00 -6.765846252441406250e+00 -2.162897586822509766e-01
3.000702619552612305e+00 -6.958438873291015625e+00 -1.983541250228881836e-01
2.714262008666992188e+00 -7.137451171875000000e+00 -1.775834560394287109e-01
2.422335386276245117e+00 -7.303581237792968750e+00 -1.542305350303649902e-01
2.127299308776855469e+00 -7.456070899963378906e+00 -1.287913322448730469e-01
1.827859401702880859e+00 -7.595533370971679688e+00 -1.015011072158813477e-01
1.524390697479248047e+00 -7.722047328948974609e+00 -7.059448957443237305e-02
1.202728509902954102e+00 -7.838645458221435547e+00 -2.504056692123413086e-02
8.801213502883911133e-01 -7.939425468444824219e+00 1.537758111953735352e-02
5.569912195205688477e-01 -8.023800849914550781e+00 5.002444982528686523e-02
2.606030702590942383e-01 -8.079771995544433594e+00 7.425892353057861328e-02
-3.442144393920898438e-02 -8.123661994934082031e+00 9.343177080154418945e-02
-3.292765617370605469e-01 -8.155708312988281250e+00 1.073255538940429688e-01
-6.218271255493164062e-01 -8.176299095153808594e+00 1.157168149948120117e-01
-9.132848978042602539e-01 -8.185582160949707031e+00 1.183740496635437012e-01
-1.191721796989440918e+00 -8.175874710083007812e+00 9.546881914138793945e-02
-1.468349933624267578e+00 -8.159482955932617188e+00 7.199341058731079102e-02
-1.743032932281494141e+00 -8.137020111083984375e+00 4.787737131118774414e-02
-2.015948772430419922e+00 -8.108018875122070312e+00 2.285426855087280273e-02
-2.287128448486328125e+00 -8.073931694030761719e+00 -2.469241619110107422e-03
-2.559478759765625000e+00 -8.032635688781738281e+00 -2.912187576293945312e-02
-2.855479717254638672e+00 -7.976601600646972656e+00 -6.201910972595214844e-02
-3.161418437957763672e+00 -7.917422771453857422e+00 -9.865981340408325195e-02
-3.464370250701904297e+00 -7.854049205780029297e+00 -1.343400776386260986e-01
-3.762757778167724609e+00 -7.787501335144042969e+00 -1.689619421958923340e-01
-4.058194637298583984e+00 -7.717654228210449219e+00 -2.029322981834411621e-01
-4.349170684814453125e+00 -7.645540714263916016e+00 -2.361682653427124023e-01
-4.636029243469238281e+00 -7.570902824401855469e+00 -2.690445184707641602e-01
-4.920596122741699219e+00 -7.494659900665283203e+00 -3.016400933265686035e-01
-5.200935363769531250e+00 -7.417426586151123047e+00 -3.339754045009613037e-01
-5.478619575500488281e+00 -7.338994503021240234e+00 -3.664346337318420410e-01
-5.717544078826904297e+00 -7.251579761505126953e+00 -4.110558629035949707e-01
-5.935459136962890625e+00 -7.157143592834472656e+00 -4.655326306819915771e-01
-6.149473667144775391e+00 -7.065006732940673828e+00 -5.179985761642456055e-01
-6.292663097381591797e+00 -7.030590057373046875e+00 -4.024089574813842773e-01
-6.253132343292236328e+00 -7.121631622314453125e+00 1.309426128864288330e-01
-6.562588691711425781e+00 -6.884297847747802734e+00 3.897537589073181152e-01
-6.780470371246337891e+00 -6.585631370544433594e+00 3.840520977973937988e-01
-6.997384071350097656e+00 -6.302677154541015625e+00 3.476130962371826172e-01
-7.206559181213378906e+00 -6.039899826049804688e+00 2.816558480262756348e-01
-7.332611083984375000e+00 -5.833987236022949219e+00 2.100215554237365723e-01
-7.457059860229492188e+00 -5.643859863281250000e+00 1.117933392524719238e-01
-7.581138610839843750e+00 -5.469858169555664062e+00 -1.429486274719238281e-02
-7.709716796875000000e+00 -5.307120323181152344e+00 -1.513102650642395020e-01
-7.841979026794433594e+00 -5.174867630004882812e+00 -2.890048027038574219e-01
-8.052166938781738281e+00 -5.070822715759277344e+00 -1.601115763187408447e-01
-8.270256042480468750e+00 -4.967054367065429688e+00 -4.971706867218017578e-02
-8.478312492370605469e+00 -4.863039493560791016e+00 4.507946968078613281e-02
-8.616685867309570312e+00 -4.745260238647460938e+00 1.113037467002868652e-01
-8.739252090454101562e+00 -4.601422309875488281e+00 1.419380307197570801e-01
-8.867243766784667969e+00 -4.448174476623535156e+00 1.642070412635803223e-01
-8.997089385986328125e+00 -4.291260719299316406e+00 1.806427240371704102e-01
-9.129002571105957031e+00 -4.129764556884765625e+00 1.915128231048583984e-01
-9.262054443359375000e+00 -3.965039730072021484e+00 1.970144510269165039e-01
-9.395907402038574219e+00 -3.795648813247680664e+00 1.971166729927062988e-01
-9.530711174011230469e+00 -3.623966693878173828e+00 1.925100088119506836e-01
-9.665828704833984375e+00 -3.449139356613159180e+00 1.832245588302612305e-01
-9.799958229064941406e+00 -3.256223678588867188e+00 1.771471500396728516e-01
-9.939152717590332031e+00 -3.043406724929809570e+00 1.577364206314086914e-01
-1.007822322845458984e+01 -2.826614379882812500e+00 1.311899423599243164e-01
-1.021597099304199219e+01 -2.607638835906982422e+00 9.811592102050781250e-02
-1.035232353210449219e+01 -2.385507583618164062e+00 5.875468254089355469e-02
-1.044742584228515625e+01 -2.211898088455200195e+00 7.729232311248779297e-02
-1.052397346496582031e+01 -2.044117212295532227e+00 1.057617664337158203e-01
-1.057938385009765625e+01 -1.854498147964477539e+00 1.166013479232788086e-01
-1.063482666015625000e+01 -1.663775801658630371e+00 1.227902173995971680e-01
-1.069021415710449219e+01 -1.471517443656921387e+00 1.244882345199584961e-01
-1.074538707733154297e+01 -1.279073476791381836e+00 1.218948364257812500e-01
-1.080013465881347656e+01 -1.086827278137207031e+00 1.143323183059692383e-01
-1.085451984405517578e+01 -8.959701061248779297e-01 1.021523475646972656e-01
-1.090866851806640625e+01 -7.043888568878173828e-01 8.611357212066650391e-02
-1.096300697326660156e+01 -5.113139748573303223e-01 6.692421436309814453e-02
-1.101715946197509766e+01 -3.141260147094726562e-01 4.476869106292724609e-02
-1.107129383087158203e+01 -1.176944971084594727e-01 1.952278614044189453e-02
-1.112153816223144531e+01 6.937235593795776367e-02 4.979372024536132812e-03
-1.116242599487304688e+01 2.309218645095825195e-01 2.506303787231445312e-02
-1.120195102691650391e+01 3.937104940414428711e-01 4.359471797943115234e-02
-1.124003887176513672e+01 5.581918358802795410e-01 6.055867671966552734e-02
-1.127668952941894531e+01 7.233600616455078125e-01 7.582986354827880859e-02
-1.131180381774902344e+01 8.901557326316833496e-01 8.940970897674560547e-02
-1.134540653228759766e+01 1.057547926902770996e+00 1.012054681777954102e-01
-1.137667560577392578e+01 1.226428389549255371e+00 1.111098527908325195e-01
-1.140704154968261719e+01 1.395868301391601562e+00 1.192016601562500000e-01
-1.143566894531250000e+01 1.566763401031494141e+00 1.253714561462402344e-01
-1.146457386016845703e+01 1.742467403411865234e+00 1.240278482437133789e-01
-1.149396705627441406e+01 1.924218416213989258e+00 1.143120527267456055e-01
-1.152135181427001953e+01 2.107191801071166992e+00 1.028872728347778320e-01
-1.154680728912353516e+01 2.290321588516235352e+00 8.978188037872314453e-02
-1.157012367248535156e+01 2.474546432495117188e+00 7.490849494934082031e-02
-1.159140300750732422e+01 2.658810377120971680e+00 5.831885337829589844e-02
-1.160968112945556641e+01 2.843804359436035156e+00 3.993320465087890625e-02
-1.161645412445068359e+01 3.041665315628051758e+00 3.292179107666015625e-02
-1.162036800384521484e+01 3.240669250488281250e+00 2.361476421356201172e-02
-1.162163543701171875e+01 3.439655780792236328e+00 1.199972629547119141e-02
-1.162008380889892578e+01 3.639052629470825195e+00 -1.999974250793457031e-03
-1.161550235748291016e+01 3.839348554611206055e+00 -1.848745346069335938e-02
-1.160816574096679688e+01 4.039353847503662109e+00 -3.741455078125000000e-02
-1.159083271026611328e+01 4.200074672698974609e+00 -1.510369777679443359e-02
-1.156998062133789062e+01 4.347105026245117188e+00 1.692044734954833984e-02
-1.154717350006103516e+01 4.494455337524414062e+00 4.336762428283691406e-02
-1.152427387237548828e+01 4.641781330108642578e+00 6.418657302856445312e-02
-1.150026416778564453e+01 4.789422035217285156e+00 7.936036586761474609e-02
-1.147565078735351562e+01 4.936482906341552734e+00 8.878159523010253906e-02
-1.145009040832519531e+01 5.083563327789306641e+00 9.243166446685791016e-02
-1.142408943176269531e+01 5.229766368865966797e+00 9.029066562652587891e-02
-1.139809036254882812e+01 5.378969669342041016e+00 8.061301708221435547e-02
-1.137308979034423828e+01 5.537363529205322266e+00 6.026208400726318359e-02
-1.134817504882812500e+01 5.693819999694824219e+00 3.400361537933349609e-02
-1.132235717773437500e+01 5.848436832427978516e+00 1.656532287597656250e-03
-1.129762077331542969e+01 5.989748954772949219e+00 -4.001832008361816406e-02
-1.127401733398437500e+01 6.151115417480468750e+00 -5.966746807098388672e-02
-1.124983882904052734e+01 6.329134941101074219e+00 -6.379330158233642578e-02
-1.122349071502685547e+01 6.507667541503906250e+00 -7.386445999145507812e-02
-1.119562149047851562e+01 6.684171676635742188e+00 -8.888959884643554688e-02
-1.116791152954101562e+01 6.844049453735351562e+00 -9.653395414352416992e-02
-1.113826751708984375e+01 7.003238677978515625e+00 -1.052328348159790039e-01
-1.110666465759277344e+01 7.142903327941894531e+00 -8.220726251602172852e-02
-1.107298946380615234e+01 7.282448291778564453e+00 -6.037878990173339844e-02
-1.103897190093994141e+01 7.421918392181396484e+00 -3.990864753723144531e-02
-1.100353813171386719e+01 7.561605930328369141e+00 -2.067255973815917969e-02
-1.096715259552001953e+01 7.700813770294189453e+00 -2.802491188049316406e-03
-1.092936992645263672e+01 7.840194702148437500e+00 1.379460096359252930e-02
-1.089068222045898438e+01 7.979059219360351562e+00 2.900493144989013672e-02
-1.085085773468017578e+01 8.117727279663085938e+00 4.286807775497436523e-02
-1.080966854095458984e+01 8.256495475769042969e+00 5.539649724960327148e-02
-1.076503467559814453e+01 8.402365684509277344e+00 6.467866897583007812e-02
-1.071636009216308594e+01 8.553581237792968750e+00 7.070249319076538086e-02
-1.066720008850097656e+01 8.704707145690917969e+00 7.468849420547485352e-02
-1.061650466918945312e+01 8.855815887451171875e+00 7.663834095001220703e-02
-1.056481552124023438e+01 9.006215095520019531e+00 7.651990652084350586e-02
-1.051162719726562500e+01 9.156528472900390625e+00 7.430419325828552246e-02
-1.045750141143798828e+01 9.306064605712890625e+00 6.999099254608154297e-02
-1.040191555023193359e+01 9.455446243286132812e+00 6.353220343589782715e-02
-1.034543609619140625e+01 9.603995323181152344e+00 5.494031310081481934e-02
-1.028782939910888672e+01 9.751996994018554688e+00 4.417991638183593750e-02
-1.022833919525146484e+01 9.899093627929687500e+00 3.118920326232910156e-02
-1.016854095458984375e+01 1.004589653015136719e+01 1.603174209594726562e-02
-1.010741424560546875e+01 1.019235134124755859e+01 -1.405566930770874023e-03
-1.004955387115478516e+01 1.033403968811035156e+01 -2.400146424770355225e-02
-9.993501663208007812e+00 1.047257232666015625e+01 -5.104459077119827271e-02
-9.936979293823242188e+00 1.061007881164550781e+01 -8.028992265462875366e-02
-9.879461288452148438e+00 1.074710464477539062e+01 -1.118910983204841614e-01
-9.821521759033203125e+00 1.088303947448730469e+01 -1.457057297229766846e-01
-9.762914657592773438e+00 1.101814079284667969e+01 -1.818293184041976929e-01
-9.703069686889648438e+00 1.114936447143554688e+01 -2.073159068822860718e-01
-9.640743255615234375e+00 1.126639747619628906e+01 -1.826219111680984497e-01
-9.577451705932617188e+00 1.138406753540039062e+01 -1.580274701118469238e-01
-9.513266563415527344e+00 1.150129795074462891e+01 -1.336990743875503540e-01
-9.447603225708007812e+00 1.161854553222656250e+01 -1.095219552516937256e-01
-9.381973266601562500e+00 1.173046875000000000e+01 -8.416002988815307617e-02
-9.316243171691894531e+00 1.183542537689208984e+01 -5.668294429779052734e-02
-9.249688148498535156e+00 1.194002151489257812e+01 -2.930471301078796387e-02
-9.182009696960449219e+00 1.204443931579589844e+01 -1.976981759071350098e-03
-9.112918853759765625e+00 1.214885330200195312e+01 2.535526454448699951e-02
-9.042556762695312500e+00 1.225224208831787109e+01 5.248059332370758057e-02
-8.971240997314453125e+00 1.235621833801269531e+01 7.960382103919982910e-02
-8.898800849914550781e+00 1.245823860168457031e+01 9.709396958351135254e-02
-8.824865341186523438e+00 1.255929660797119141e+01 1.086678802967071533e-01
-8.750263214111328125e+00 1.265988349914550781e+01 1.192633211612701416e-01
-8.674382209777832031e+00 1.276031494140625000e+01 1.289308071136474609e-01
-8.597859382629394531e+00 1.286024761199951172e+01 1.375827789306640625e-01
-8.526259422302246094e+00 1.296221446990966797e+01 1.364797651767730713e-01
-8.459982872009277344e+00 1.306584262847900391e+01 1.262155473232269287e-01
-8.392483711242675781e+00 1.316851234436035156e+01 1.152878105640411377e-01
-8.324228286743164062e+00 1.327173042297363281e+01 1.036316752433776855e-01
-8.255411148071289062e+00 1.337445926666259766e+01 9.132122993469238281e-02
-8.185476303100585938e+00 1.347703933715820312e+01 7.826951146125793457e-02
-8.114984512329101562e+00 1.357912445068359375e+01 6.454330682754516602e-02
-8.043390274047851562e+00 1.368102741241455078e+01 5.005919933319091797e-02
-7.971242904663085938e+00 1.378242111206054688e+01 3.488123416900634766e-02
-7.897990703582763672e+00 1.388360977172851562e+01 1.892393827438354492e-02
-7.824206352233886719e+00 1.398426628112792969e+01 2.268254756927490234e-03
-7.749320030212402344e+00 1.408381462097167969e+01 -1.512277126312255859e-02
-7.673646926879882812e+00 1.418383979797363281e+01 -3.334587812423706055e-02
-7.597465515136718750e+00 1.428330039978027344e+01 -5.228638648986816406e-02
-7.520201683044433594e+00 1.438249397277832031e+01 -7.207190990447998047e-02
-7.444561958312988281e+00 1.447802639007568359e+01 -9.337180852890014648e-02
-7.370661258697509766e+00 1.456937122344970703e+01 -1.165392398834228516e-01
-7.296427726745605469e+00 1.466013717651367188e+01 -1.404920220375061035e-01
-7.214011669158935547e+00 1.475347518920898438e+01 -1.390296220779418945e-01
-7.127408981323242188e+00 1.484762096405029297e+01 -1.243044137954711914e-01
-7.039651870727539062e+00 1.494064998626708984e+01 -1.096123456954956055e-01
-6.951058864593505859e+00 1.503393554687500000e+01 -9.488117694854736328e-02
-6.861966609954833984e+00 1.512654685974121094e+01 -8.022379875183105469e-02
-6.768312931060791016e+00 1.522027015686035156e+01 -6.804251670837402344e-02
-6.664734840393066406e+00 1.531738090515136719e+01 -5.804562568664550781e-02
-6.563796997070312500e+00 1.541220664978027344e+01 -4.830700159072875977e-02
-6.458353996276855469e+00 1.550787448883056641e+01 -3.825485706329345703e-02
-6.355583667755126953e+00 1.560130786895751953e+01 -2.848041057586669922e-02
-6.248307704925537109e+00 1.569550704956054688e+01 -1.839959621429443359e-02
-6.143522262573242188e+00 1.578684425354003906e+01 -8.617937564849853516e-03
-6.068497657775878906e+00 1.586448669433593750e+01 -4.197716712951660156e-03
-6.000028610229492188e+00 1.593886089324951172e+01 -7.746219635009765625e-04
-5.930920124053955078e+00 1.601299667358398438e+01 2.540767192840576172e-03
-5.858389377593994141e+00 1.608788108825683594e+01 5.891680717468261719e-03
-5.787983894348144531e+00 1.616152191162109375e+01 8.973777294158935547e-03
-5.714145660400390625e+00 1.623586654663085938e+01 1.209449768066406250e-02
-5.642435073852539062e+00 1.630899620056152344e+01 1.493376493453979492e-02
-5.567296981811523438e+00 1.638278198242187500e+01 1.780062913894653320e-02
-5.494011402130126953e+00 1.645473480224609375e+01 2.041995525360107422e-02
-5.417573928833007812e+00 1.652793693542480469e+01 2.302169799804687500e-02
-5.343300819396972656e+00 1.659995079040527344e+01 2.532786130905151367e-02
-5.268383026123046875e+00 1.667168807983398438e+01 2.749949693679809570e-02
-5.190009593963623047e+00 1.674397850036621094e+01 2.966368198394775391e-02
-5.113811016082763672e+00 1.681511878967285156e+01 3.154325485229492188e-02
-5.034158706665039062e+00 1.688676834106445312e+01 3.340697288513183594e-02
-4.956688880920410156e+00 1.695727920532226562e+01 3.497391939163208008e-02
-4.875753879547119141e+00 1.702826690673828125e+01 3.651732206344604492e-02
-4.796805381774902344e+00 1.709747505187988281e+01 3.780537843704223633e-02
-4.714615821838378906e+00 1.716776847839355469e+01 3.902000188827514648e-02
-4.634638786315917969e+00 1.723696327209472656e+01 3.991037607192993164e-02
-4.554047584533691406e+00 1.730582237243652344e+01 4.063796997070312500e-02
-4.469965934753417969e+00 1.737504577636718750e+01 4.131501913070678711e-02
-4.388131141662597656e+00 1.744319915771484375e+01 4.166805744171142578e-02
-4.302806377410888672e+00 1.751168441772460938e+01 4.197013378143310547e-02
-4.219746112823486328e+00 1.757910728454589844e+01 4.194629192352294922e-02
-4.133200645446777344e+00 1.764681053161621094e+01 4.186266660690307617e-02
-4.048755645751953125e+00 1.771280670166015625e+01 4.151141643524169922e-02
-3.960983753204345703e+00 1.777971839904785156e+01 4.102408885955810547e-02
-3.875501871109008789e+00 1.784561347961425781e+01 4.020404815673828125e-02
-3.789424180984497070e+00 1.791112136840820312e+01 3.916120529174804688e-02
-3.699855804443359375e+00 1.797680664062500000e+01 3.804135322570800781e-02
-3.612586259841918945e+00 1.804150390625000000e+01 3.657001256942749023e-02
-3.521834373474121094e+00 1.810634040832519531e+01 3.500753641128540039e-02
-3.433389186859130859e+00 1.817020416259765625e+01 3.308618068695068359e-02
-3.341452598571777344e+00 1.823416328430175781e+01 3.106486797332763672e-02
-3.251761913299560547e+00 1.829648208618164062e+01 2.878212928771972656e-02
-3.158691406250000000e+00 1.835953903198242188e+01 2.628320455551147461e-02
-3.067951202392578125e+00 1.842166709899902344e+01 2.342945337295532227e-02
-2.977825641632080078e+00 1.848404502868652344e+01 2.159118652343750000e-02
-2.891450881958007812e+00 1.855071640014648438e+01 2.742588520050048828e-02
-2.807340621948242188e+00 1.861663246154785156e+01 3.296613693237304688e-02
-2.719581842422485352e+00 1.868257522583007812e+01 3.832924365997314453e-02
-2.634102344512939453e+00 1.874777793884277344e+01 4.337155818939208984e-02
-2.544963121414184570e+00 1.881295394897460938e+01 4.823076725006103516e-02
-2.459568023681640625e+00 1.887712287902832031e+01 5.058771371841430664e-02
-2.374400615692138672e+00 1.894323730468750000e+01 4.778885841369628906e-02
-2.291227817535400391e+00 1.900858306884765625e+01 4.503113031387329102e-02
-2.204628944396972656e+00 1.907396507263183594e+01 4.169833660125732422e-02
-2.120041847229003906e+00 1.913859367370605469e+01 3.839892148971557617e-02
-2.034744262695312500e+00 1.920285797119140625e+01 3.482681512832641602e-02
-1.946030855178833008e+00 1.926708602905273438e+01 3.065502643585205078e-02
-1.859343290328979492e+00 1.933057785034179688e+01 2.651649713516235352e-02
-1.769227027893066406e+00 1.939399909973144531e+01 2.177363634109497070e-02
-1.681130170822143555e+00 1.945590591430664062e+01 1.696330308914184570e-02
-1.589641451835632324e+00 1.951848411560058594e+01 1.164180040359497070e-02
-1.500219345092773438e+00 1.958034896850585938e+01 6.313502788543701172e-03
