1.660861968994140625e-01 -7.826278805732727051e-01 -5.961402058601379395e-01 1.687695384025573730e-01 -1.893910408020019531e+00 1.335059106349945068e-01
-7.884464859962463379e-01 -8.796082735061645508e-01 -1.584747582674026489e-01 6.727406978607177734e-01 -7.631397843360900879e-01 -5.331889390945434570e-01
1.657810877077281475e-03 1.873716711997985840e-02 2.302274666726589203e-02 1.935443133115768433e-01 1.452567428350448608e-01 7.319291681051254272e-02
-5.316857714205980301e-04 -6.717519834637641907e-03 -8.065155707299709320e-03 -6.160754710435867310e-02 3.069619461894035339e-02 7.650452852249145508e-02
-5.724332332611083984e-01 -5.801610946655273438e-01 -7.688396573066711426e-01 -6.001996397972106934e-01 -7.011151313781738281e-01 4.446750283241271973e-01
1.645918190479278564e-01 8.716490864753723145e-01 7.835435122251510620e-02 1.259303241968154907e-01 -1.666744798421859741e-02 -9.687197208404541016e-02
1.085297092795372009e-01 4.955456554889678955e-01 1.367249488830566406e-01 6.193982437252998352e-03 1.118030548095703125e-01 3.816161304712295532e-02
6.498640775680541992e-01 -5.553081259131431580e-02 -1.519403047859668732e-02 3.872403502464294434e-01 5.803486704826354980e-01 8.608962297439575195e-01
4.656543135643005371e-01 -7.335020303726196289e-01 1.027467966079711914e+00 6.919567584991455078e-01 4.136387705802917480e-01 3.147329390048980713e-01
-8.321539312601089478e-02 7.233808934688568115e-02 -1.601217538118362427e-01 -8.205717206001281738e-01 9.873881340026855469e-01 -5.854291915893554688e-01
-7.795360684394836426e-01 -8.752151392400264740e-03 -8.677901625633239746e-01 -9.300532937049865723e-01 4.576679691672325134e-02 -1.464235067367553711e+00
5.295449495315551758e-01 2.559924125671386719e-02 5.624223351478576660e-01 -1.044131875038146973e+00 2.171607911586761475e-01 -6.953461766242980957e-01
