1.048512697219848633e+00 3.585933446884155273e-01 -7.517794519662857056e-02 -5.050400644540786743e-02 1.100570932030677795e-01 -5.818658508360385895e-03 -7.769703865051269531e-02 4.109034061431884766e+00 -2.690791618078947067e-03 1.835017442703247070e+00 3.779450058937072754e-01 5.974358320236206055e-01
1.045701026916503906e+00 3.580240011215209961e-01 -7.544770091772079468e-02 -5.072571709752082825e-02 1.363064646720886230e-01 -5.674065090715885162e-03 -7.777312397956848145e-02 4.046495437622070312e+00 -2.484892262145876884e-03 1.842517375946044922e+00 4.671763479709625244e-01 6.663439273834228516e-01
1.043027877807617188e+00 3.579384088516235352e-01 -7.572586089372634888e-02 -5.095450580120086670e-02 1.627416312694549561e-01 -5.529216490685939789e-03 -7.784349471330642700e-02 3.983933687210083008e+00 -2.273669233545660973e-03 1.850102186203002930e+00 5.559412240982055664e-01 7.347259521484375000e-01
1.040354728698730469e+00 3.578420877456665039e-01 -7.600307464599609375e-02 -5.118254944682121277e-02 1.890986263751983643e-01 -5.384684540331363678e-03 -7.791348546743392944e-02 3.921577453613281250e+00 -2.063204534351825714e-03 1.857679128646850586e+00 6.444366574287414551e-01 8.029122352600097656e-01
1.037492513656616211e+00 3.576582670211791992e-01 -7.626970857381820679e-02 -5.139942839741706848e-02 2.151204049587249756e-01 -5.243136547505855560e-03 -7.797459512948989868e-02 3.860276699066162109e+00 -1.858624746091663837e-03 1.865065813064575195e+00 7.307931184768676758e-01 8.693240880966186523e-01
1.032982707023620605e+00 3.574948310852050781e-01 -7.653944194316864014e-02 -5.161026492714881897e-02 2.469390332698822021e-01 -5.082941614091396332e-03 -7.799530774354934692e-02 3.784660816192626953e+00 -1.617046538740396500e-03 1.871459245681762695e+00 8.303144574165344238e-01 9.439435005187988281e-01
1.027285456657409668e+00 3.576431274414062500e-01 -7.685007899999618530e-02 -5.185367912054061890e-02 2.864679992198944092e-01 -4.891090095043182373e-03 -7.800202071666717529e-02 3.689318418502807617e+00 -1.313556451350450516e-03 1.877450942993164062e+00 9.521332979202270508e-01 1.034024119377136230e+00
1.021556138992309570e+00 3.577837944030761719e-01 -7.716356217861175537e-02 -5.209948867559432983e-02 3.263587355613708496e-01 -4.697477910667657852e-03 -7.800917327404022217e-02 3.593211889266967773e+00 -1.007646322250366211e-03 1.883500337600708008e+00 1.074976086616516113e+00 1.124848127365112305e+00
1.013358116149902344e+00 3.564709424972534180e-01 -7.734196633100509644e-02 -5.217820405960083008e-02 3.609106838703155518e-01 -4.582229536026716232e-03 -7.793331146240234375e-02 3.510298728942871094e+00 -7.726609474048018456e-04 1.880154371261596680e+00 1.160638928413391113e+00 1.182896733283996582e+00
1.004451751708984375e+00 3.547619581222534180e-01 -7.748357951641082764e-02 -5.221106112003326416e-02 3.941209614276885986e-01 -4.488216713070869446e-03 -7.783411443233489990e-02 3.430687427520751953e+00 -5.562336882576346397e-04 1.874184370040893555e+00 1.236372470855712891e+00 1.232112288475036621e+00
9.955716729164123535e-01 3.530552387237548828e-01 -7.762493938207626343e-02 -5.224394798278808594e-02 4.272361695766448975e-01 -4.394415300339460373e-03 -7.773531973361968994e-02 3.351312875747680664e+00 -3.404500894248485565e-04 1.868245363235473633e+00 1.311903715133666992e+00 1.281206727027893066e+00
9.866433143615722656e-01 3.514056205749511719e-01 -7.776369899511337280e-02 -5.227385833859443665e-02 4.604770243167877197e-01 -4.302030894905328751e-03 -7.763375341892242432e-02 3.271622180938720703e+00 -1.239952398464083672e-04 1.861981630325317383e+00 1.387142658233642578e+00 1.329812407493591309e+00
9.777312874794006348e-01 3.497986793518066406e-01 -7.790112495422363281e-02 -5.230288207530975342e-02 4.936216771602630615e-01 -4.210611339658498764e-03 -7.753171771764755249e-02 3.192152023315429688e+00 9.194493293762207031e-03 1.855618238449096680e+00 1.461965084075927734e+00 1.378042340278625488e+00
9.688565135002136230e-01 3.481286764144897461e-01 -7.803922146558761597e-02 -5.233380198478698730e-02 5.265703201293945312e-01 -4.117857199162244797e-03 -7.743114978075027466e-02 3.113215923309326172e+00 3.062723577022552490e-02 1.849590539932250977e+00 1.536827921867370605e+00 1.426572918891906738e+00
9.598543047904968262e-01 3.467324972152709961e-01 -7.817279547452926636e-02 -5.238020792603492737e-02 5.565420985221862793e-01 -4.032386001199483871e-03 -7.733892649412155151e-02 3.040389299392700195e+00 5.123025178909301758e-02 1.843050241470336914e+00 1.606029987335205078e+00 1.472292184829711914e+00
9.506404995918273926e-01 3.468556404113769531e-01 -7.832331210374832153e-02 -5.246955901384353638e-02 5.805223584175109863e-01 -3.985477145761251450e-03 -7.728960365056991577e-02 2.980281829833984375e+00 7.121217250823974609e-02 1.832258939743041992e+00 1.658950805664062500e+00 1.507058858871459961e+00
9.412750005722045898e-01 3.470984697341918945e-01 -7.846482843160629272e-02 -5.255052819848060608e-02 6.043754220008850098e-01 -3.943261690437793732e-03 -7.723477482795715332e-02 2.919945001602172852e+00 9.117838740348815918e-02 1.820677399635314941e+00 1.710743427276611328e+00 1.540511250495910645e+00
9.317946434020996094e-01 3.476706743240356445e-01 -7.859578728675842285e-02 -5.262919142842292786e-02 6.277245879173278809e-01 -3.907545004040002823e-03 -7.717786729335784912e-02 2.859762430191040039e+00 1.113578975200653076e-01 1.807727813720703125e+00 1.761044621467590332e+00 1.572426199913024902e+00
9.222685098648071289e-01 3.482289314270019531e-01 -7.872813940048217773e-02 -5.270873010158538818e-02 6.512218117713928223e-01 -3.871379187330603600e-03 -7.712112367153167725e-02 2.799289464950561523e+00 1.316322088241577148e-01 1.794759631156921387e+00 1.811656951904296875e+00 1.604564666748046875e+00
9.127117991447448730e-01 3.486925363540649414e-01 -7.886662334203720093e-02 -5.279223620891571045e-02 6.750132441520690918e-01 -3.833285300061106682e-03 -7.706754654645919800e-02 2.738599300384521484e+00 1.519777774810791016e-01 1.782067060470581055e+00 1.862970590591430664e+00 1.637355685234069824e+00
9.031177163124084473e-01 3.491578102111816406e-01 -7.900540530681610107e-02 -5.287581309676170349e-02 6.988931298255920410e-01 -3.795095952227711678e-03 -7.701361924409866333e-02 2.677691221237182617e+00 1.723886132240295410e-01 1.769327163696289062e+00 1.914452314376831055e+00 1.670242786407470703e+00
8.930868506431579590e-01 3.499729633331298828e-01 -7.911604642868041992e-02 -5.293909832835197449e-02 7.233231067657470703e-01 -3.760654013603925705e-03 -7.692947238683700562e-02 2.615394830703735352e+00 1.929558813571929932e-01 1.755087494850158691e+00 1.964326500892639160e+00 1.700587391853332520e+00
8.825570940971374512e-01 3.512268066406250000e-01 -7.919526100158691406e-02 -5.297951400279998779e-02 7.484261393547058105e-01 -3.731030505150556564e-03 -7.681168615818023682e-02 2.551561117172241211e+00 2.136895060539245605e-01 1.739130735397338867e+00 2.012312650680541992e+00 1.727920770645141602e+00
8.718951940536499023e-01 3.526223897933959961e-01 -7.927264273166656494e-02 -5.301864072680473328e-02 7.735938429832458496e-01 -3.703438909724354744e-03 -7.669174671173095703e-02 2.487180233001708984e+00 2.346577942371368408e-01 1.722720384597778320e+00 2.060260534286499023e+00 1.755016565322875977e+00
8.609784245491027832e-01 3.533895015716552734e-01 -7.934680581092834473e-02 -5.305340513586997986e-02 7.998090386390686035e-01 -3.674828913062810898e-03 -7.656884938478469849e-02 2.424594163894653320e+00 2.546210587024688721e-01 1.705901145935058594e+00 2.105355262756347656e+00 1.779341101646423340e+00
8.495084643363952637e-01 3.504908084869384766e-01 -7.935296744108200073e-02 -5.302181094884872437e-02 8.302838802337646484e-01 -3.644587239250540733e-03 -7.640352100133895874e-02 2.373230934143066406e+00 2.675923109054565430e-01 1.686420679092407227e+00 2.131124019622802734e+00 1.784760594367980957e+00
8.390384912490844727e-01 3.478548526763916016e-01 -7.939563691616058350e-02 -5.302186682820320129e-02 8.592958450317382812e-01 -3.613100154325366020e-03 -7.627839595079421997e-02 2.325373172760009766e+00 2.803119421005249023e-01 1.669147729873657227e+00 2.157561540603637695e+00 1.792268157005310059e+00
8.285364508628845215e-01 3.452140092849731445e-01 -7.943809032440185547e-02 -5.302168428897857666e-02 8.883853554725646973e-01 -3.581612836569547653e-03 -7.615265995264053345e-02 2.277371883392333984e+00 2.930686175823211670e-01 1.651801586151123047e+00 2.184042453765869141e+00 1.799761176109313965e+00
8.180004954338073730e-01 3.426517248153686523e-01 -7.947564870119094849e-02 -5.302036181092262268e-02 9.174075722694396973e-01 -3.550577908754348755e-03 -7.602294534444808960e-02 2.229465007781982422e+00 3.058508038520812988e-01 1.634157419204711914e+00 2.210080146789550781e+00 1.806799530982971191e+00
8.072907328605651855e-01 3.407495021820068359e-01 -7.947143167257308960e-02 -5.300934240221977234e-02 9.458246827125549316e-01 -3.523743478581309319e-03 -7.586110383272171021e-02 2.182196855545043945e+00 3.189212083816528320e-01 1.613816261291503906e+00 2.232401609420776367e+00 1.809949994087219238e+00
7.966896891593933105e-01 3.388522863388061523e-01 -7.947263121604919434e-02 -5.300255492329597473e-02 9.740863442420959473e-01 -3.495906712487339973e-03 -7.570381462574005127e-02 2.135315895080566406e+00 3.319585025310516357e-01 1.593907713890075684e+00 2.255017280578613281e+00 1.813605546951293945e+00
7.878560423851013184e-01 3.384205102920532227e-01 -7.942463457584381104e-02 -5.294593051075935364e-02 1.003841280937194824e+00 -3.468113718554377556e-03 -7.547837495803833008e-02 2.090736627578735352e+00 3.431687057018280029e-01 1.576095104217529297e+00 2.272253274917602539e+00 1.809034466743469238e+00
7.797629833221435547e-01 3.385918140411376953e-01 -7.935499399900436401e-02 -5.286771804094314575e-02 1.034129977226257324e+00 -3.440706757828593254e-03 -7.522451132535934448e-02 2.047208309173583984e+00 3.535741269588470459e-01 1.559119224548339844e+00 2.287109851837158203e+00 1.800942778587341309e+00
7.716450691223144531e-01 3.387804031372070312e-01 -7.928366214036941528e-02 -5.278808996081352234e-02 1.064487218856811523e+00 -3.413582453504204750e-03 -7.496871799230575562e-02 2.003572225570678711e+00 3.639889657497406006e-01 1.542032957077026367e+00 2.301846981048583984e+00 1.792644143104553223e+00
7.634816765785217285e-01 3.390049934387207031e-01 -7.920925319194793701e-02 -5.270568653941154480e-02 1.095033884048461914e+00 -3.386904485523700714e-03 -7.470919191837310791e-02 1.959669113159179688e+00 3.744247555732727051e-01 1.524756193161010742e+00 2.316431045532226562e+00 1.783974289894104004e+00
7.553447484970092773e-01 3.392219543457031250e-01 -7.913534343242645264e-02 -5.262365192174911499e-02 1.125553607940673828e+00 -3.360004397109150887e-03 -7.445055246353149414e-02 1.915872693061828613e+00 3.848143219947814941e-01 1.507589817047119141e+00 2.331079006195068359e+00 1.775394439697265625e+00
7.501889467239379883e-01 3.398584127426147461e-01 -7.903284579515457153e-02 -5.249755084514617920e-02 1.154135704040527344e+00 -3.343851305544376373e-03 -7.419526576995849609e-02 1.874410748481750488e+00 3.933860957622528076e-01 1.491698265075683594e+00 2.342030048370361328e+00 1.762152194976806641e+00
7.453940510749816895e-01 3.404196500778198242e-01 -7.893935590982437134e-02 -5.237717553973197937e-02 1.182016372680664062e+00 -3.327309153974056244e-03 -7.395365834236145020e-02 1.834129810333251953e+00 4.016549885272979736e-01 1.476687788963317871e+00 2.353250503540039062e+00 1.749770522117614746e+00
7.405222058296203613e-01 3.409817218780517578e-01 -7.884366065263748169e-02 -5.225594341754913330e-02 1.210146188735961914e+00 -3.310182830318808556e-03 -7.370863109827041626e-02 1.793385624885559082e+00 4.100507497787475586e-01 1.461448669433593750e+00 2.364649295806884766e+00 1.737360477447509766e+00
7.356201410293579102e-01 3.415304422378540039e-01 -7.874816656112670898e-02 -5.213548243045806885e-02 1.238316535949707031e+00 -3.292644862085580826e-03 -7.346343994140625000e-02 1.752567291259765625e+00 4.184873402118682861e-01 1.446181535720825195e+00 2.376157760620117188e+00 1.725061535835266113e+00
7.307049632072448730e-01 3.420837521553039551e-01 -7.865215837955474854e-02 -5.201446264982223511e-02 1.266569256782531738e+00 -3.275108290836215019e-03 -7.321733236312866211e-02 1.711627125740051270e+00 4.269467592239379883e-01 1.430858850479125977e+00 2.387677192687988281e+00 1.712697148323059082e+00
7.258014082908630371e-01 3.426290750503540039e-01 -7.855689525604248047e-02 -5.189418047666549683e-02 1.294743299484252930e+00 -3.257515607401728630e-03 -7.297232747077941895e-02 1.670806646347045898e+00 4.353857338428497314e-01 1.415601491928100586e+00 2.399210691452026367e+00 1.700426578521728516e+00
7.208981513977050781e-01 3.431750535964965820e-01 -7.846164703369140625e-02 -5.177390575408935547e-02 1.322917819023132324e+00 -3.239926416426897049e-03 -7.272731512784957886e-02 1.629986047744750977e+00 4.438247680664062500e-01 1.400344252586364746e+00 2.410744190216064453e+00 1.688155531883239746e+00
7.159827947616577148e-01 3.437280058860778809e-01 -7.836563140153884888e-02 -5.165288969874382019e-02 1.351170778274536133e+00 -3.222385654225945473e-03 -7.248120009899139404e-02 1.589045524597167969e+00 4.522842764854431152e-01 1.385021090507507324e+00 2.422263622283935547e+00 1.675791263580322266e+00
7.110895514488220215e-01 3.443226814270019531e-01 -7.827031612396240234e-02 -5.153268203139305115e-02 1.379253864288330078e+00 -3.205417422577738762e-03 -7.223630696535110474e-02 1.548301815986633301e+00 4.607411324977874756e-01 1.369720697402954102e+00 2.433650016784667969e+00 1.663411974906921387e+00
7.062019705772399902e-01 3.450080156326293945e-01 -7.817416638135910034e-02 -5.141189321875572205e-02 1.407261848449707031e+00 -3.189561655744910240e-03 -7.199053466320037842e-02 1.507564663887023926e+00 4.692506194114685059e-01 1.354280471801757812e+00 2.444777011871337891e+00 1.650756478309631348e+00
7.012401223182678223e-01 3.457480669021606445e-01 -7.806819677352905273e-02 -5.128220468759536743e-02 1.435557723045349121e+00 -3.174869110807776451e-03 -7.173418998718261719e-02 1.466237664222717285e+00 4.777632057666778564e-01 1.338356733322143555e+00 2.455330133438110352e+00 1.637099862098693848e+00
6.962374448776245117e-01 3.465167880058288574e-01 -7.795792073011398315e-02 -5.114855617284774780e-02 1.464056134223937988e+00 -3.160641063004732132e-03 -7.147280871868133545e-02 1.424550652503967285e+00 4.863048195838928223e-01 1.322182178497314453e+00 2.465673446655273438e+00 1.622981786727905273e+00
6.912475228309631348e-01 3.472806215286254883e-01 -7.784813642501831055e-02 -5.101542919874191284e-02 1.492474198341369629e+00 -3.146409522742033005e-03 -7.121232151985168457e-02 1.382983446121215820e+00 4.948234856128692627e-01 1.306063175201416016e+00 2.476006507873535156e+00 1.608927965164184570e+00
6.862510442733764648e-01 3.480457067489624023e-01 -7.773806154727935791e-02 -5.088200420141220093e-02 1.520926475524902344e+00 -3.132176119834184647e-03 -7.095137238502502441e-02 1.341361522674560547e+00 5.033510327339172363e-01 1.289919137954711914e+00 2.486341476440429688e+00 1.594844222068786621e+00
6.813350319862365723e-01 3.487637639045715332e-01 -7.763078808784484863e-02 -5.075169354677200317e-02 1.548794269561767578e+00 -3.117837943136692047e-03 -7.069607079029083252e-02 1.300575494766235352e+00 5.117003321647644043e-01 1.274164319038391113e+00 2.496587514877319336e+00 1.581211924552917480e+00
6.764969229698181152e-01 3.494226932525634766e-01 -7.752488553524017334e-02 -5.062356963753700256e-02 1.576613664627075195e+00 -3.102910472080111504e-03 -7.044345885515213013e-02 1.259847879409790039e+00 5.200846195220947266e-01 1.258376121520996094e+00 2.506953716278076172e+00 1.567758440971374512e+00
6.784119009971618652e-01 3.462838530540466309e-01 -7.746604084968566895e-02 -5.062441527843475342e-02 1.600479364395141602e+00 -3.055441658943891525e-03 -7.035712152719497681e-02 1.223142385482788086e+00 5.310764312744140625e-01 1.236463189125061035e+00 2.520769119262695312e+00 1.560539722442626953e+00
6.794973015785217285e-01 3.422089219093322754e-01 -7.734660804271697998e-02 -5.059764906764030457e-02 1.624548196792602539e+00 -2.987195737659931183e-03 -7.021934539079666138e-02 1.184509634971618652e+00 5.412716865539550781e-01 1.215455174446105957e+00 2.538409709930419922e+00 1.557001471519470215e+00
6.803866028785705566e-01 3.379442691802978516e-01 -7.722534984350204468e-02 -5.055291205644607544e-02 1.643546104431152344e+00 -2.921478357166051865e-03 -7.008691877126693726e-02 1.148661375045776367e+00 5.502605438232421875e-01 1.198036432266235352e+00 2.556435585021972656e+00 1.558189511299133301e+00
6.822780370712280273e-01 3.367643952369689941e-01 -7.723678648471832275e-02 -5.057075247168540955e-02 1.655967473983764648e+00 -2.901269355788826942e-03 -7.006774097681045532e-02 1.118577957153320312e+00 5.611470341682434082e-01 1.182845830917358398e+00 2.570373535156250000e+00 1.560584664344787598e+00
6.842041015625000000e-01 3.356267213821411133e-01 -7.725208997726440430e-02 -5.059140548110008240e-02 1.668483972549438477e+00 -2.880863379687070847e-03 -7.005124539136886597e-02 1.088474273681640625e+00 5.721026659011840820e-01 1.167767524719238281e+00 2.584558486938476562e+00 1.563186526298522949e+00
6.860930323600769043e-01 3.349403738975524902e-01 -7.733519375324249268e-02 -5.066345632076263428e-02 1.681856513023376465e+00 -2.854985417798161507e-03 -7.008295506238937378e-02 1.059792995452880859e+00 5.835323333740234375e-01 1.155779123306274414e+00 2.603085994720458984e+00 1.570619225502014160e+00
6.870659589767456055e-01 3.365045189857482910e-01 -7.755160331726074219e-02 -5.083121359348297119e-02 1.698619365692138672e+00 -2.864362439140677452e-03 -7.010754942893981934e-02 1.034516811370849609e+00 5.974318981170654297e-01 1.143434524536132812e+00 2.614833354949951172e+00 1.575737357139587402e+00
6.874643564224243164e-01 3.398896455764770508e-01 -7.785864919424057007e-02 -5.106211081147193909e-02 1.717910051345825195e+00 -2.905177418142557144e-03 -7.011299580335617065e-02 1.011720538139343262e+00 6.132192611694335938e-01 1.129940152168273926e+00 2.619518041610717773e+00 1.577221989631652832e+00
6.879884600639343262e-01 3.436527848243713379e-01 -7.816755771636962891e-02 -5.129768699407577515e-02 1.737041354179382324e+00 -2.945625921711325645e-03 -7.012536376714706421e-02 9.893895387649536133e-01 6.290032267570495605e-01 1.116913080215454102e+00 2.624835491180419922e+00 1.578981399536132812e+00
6.886671185493469238e-01 3.478109240531921387e-01 -7.847800105810165405e-02 -5.153748765587806702e-02 1.756147861480712891e+00 -2.986540319398045540e-03 -7.014265656471252441e-02 9.674148559570312500e-01 6.448547840118408203e-01 1.104087352752685547e+00 2.630409240722656250e+00 1.580582499504089355e+00
6.895234584808349609e-01 3.523618578910827637e-01 -7.878855615854263306e-02 -5.177921801805496216e-02 1.775596380233764648e+00 -3.030467545613646507e-03 -7.015529274940490723e-02 9.451999664306640625e-01 6.610800027847290039e-01 1.090593576431274414e+00 2.635111331939697266e+00 1.580918312072753906e+00
6.906910538673400879e-01 3.571561574935913086e-01 -7.909539341926574707e-02 -5.201496928930282593e-02 1.794756054878234863e+00 -3.078517038375139236e-03 -7.016499340534210205e-02 9.230363368988037109e-01 6.772575378417968750e-01 1.077014923095703125e+00 2.639086723327636719e+00 1.580449223518371582e+00
6.931322813034057617e-01 3.626200556755065918e-01 -7.940314710140228271e-02 -5.223551765084266663e-02 1.812424063682556152e+00 -3.134301863610744476e-03 -7.017958164215087891e-02 8.997031450271606445e-01 6.936069726943969727e-01 1.064760327339172363e+00 2.644540548324584961e+00 1.581270098686218262e+00
6.954128146171569824e-01 3.682349920272827148e-01 -7.970424741506576538e-02 -5.245386809110641479e-02 1.830111265182495117e+00 -3.191870637238025665e-03 -7.018147408962249756e-02 8.760967254638671875e-01 7.101505994796752930e-01 1.051984786987304688e+00 2.649308919906616211e+00 1.581622719764709473e+00
6.977311372756958008e-01 3.735256195068359375e-01 -8.001407235860824585e-02 -5.267637968063354492e-02 1.847935318946838379e+00 -3.246107837185263634e-03 -7.019676268100738525e-02 8.529059886932373047e-01 7.263624668121337891e-01 1.039963006973266602e+00 2.655065536499023438e+00 1.583000779151916504e+00
7.002407908439636230e-01 3.791263103485107422e-01 -8.033580332994461060e-02 -5.290619283914566040e-02 1.866597056388854980e+00 -3.305033314973115921e-03 -7.020849734544754028e-02 8.285129070281982422e-01 7.433717250823974609e-01 1.027070760726928711e+00 2.660463333129882812e+00 1.583814501762390137e+00
7.027398943901062012e-01 3.847066760063171387e-01 -8.065686374902725220e-02 -5.313556641340255737e-02 1.885210037231445312e+00 -3.363675205036997795e-03 -7.022050023078918457e-02 8.041919469833374023e-01 7.603325843811035156e-01 1.014231681823730469e+00 2.665883541107177734e+00 1.584663152694702148e+00
7.052954435348510742e-01 3.904315829277038574e-01 -8.097071200609207153e-02 -5.335962027311325073e-02 1.903685569763183594e+00 -3.424877766519784927e-03 -7.022384554147720337e-02 7.798786163330078125e-01 7.772939205169677734e-01 1.001015305519104004e+00 2.670363903045654297e+00 1.584626555442810059e+00
7.078639268875122070e-01 3.961931467056274414e-01 -8.128084242343902588e-02 -5.358099937438964844e-02 1.922049999237060547e+00 -3.486803499981760979e-03 -7.022391259670257568e-02 7.556474208831787109e-01 7.942014932632446289e-01 9.877050518989562988e-01 2.674483776092529297e+00 1.584265589714050293e+00
7.086455225944519043e-01 4.014666080474853516e-01 -8.158957213163375854e-02 -5.383676290512084961e-02 1.938103437423706055e+00 -3.510258626192808151e-03 -7.029505819082260132e-02 7.356697320938110352e-01 8.093461990356445312e-01 9.801068902015686035e-01 2.689207553863525391e+00 1.593635439872741699e+00
7.086553573608398438e-01 4.066249132156372070e-01 -8.190891891717910767e-02 -5.411564186215400696e-02 1.953643560409545898e+00 -3.518112003803253174e-03 -7.040076702833175659e-02 7.172065973281860352e-01 8.240551948547363281e-01 9.748782515525817871e-01 2.708821535110473633e+00 1.607495665550231934e+00
7.086092829704284668e-01 4.119263291358947754e-01 -8.224149793386459351e-02 -5.440555512905120850e-02 1.969697713851928711e+00 -3.526571206748485565e-03 -7.051271200180053711e-02 6.985322237014770508e-01 8.391062021255493164e-01 9.696632027626037598e-01 2.729007482528686523e+00 1.621878743171691895e+00
7.085664272308349609e-01 4.172490239143371582e-01 -8.257482945919036865e-02 -5.469612777233123779e-02 1.985796689987182617e+00 -3.535178024321794510e-03 -7.062469422817230225e-02 6.797991991043090820e-01 8.542032241821289062e-01 9.644148945808410645e-01 2.749215602874755859e+00 1.636266827583312988e+00
7.085207104682922363e-01 4.225507378578186035e-01 -8.290743827819824219e-02 -5.498606711626052856e-02 2.001852035522460938e+00 -3.543638391420245171e-03 -7.073664665222167969e-02 6.611236333847045898e-01 8.692555427551269531e-01 9.591994881629943848e-01 2.769403219223022461e+00 1.650650978088378906e+00
7.084776759147644043e-01 4.278723001480102539e-01 -8.324072510004043579e-02 -5.527659878134727478e-02 2.017948627471923828e+00 -3.552239853888750076e-03 -7.084861397743225098e-02 6.423932313919067383e-01 8.843502998352050781e-01 9.539523720741271973e-01 2.789609909057617188e+00 1.665038108825683594e+00
7.081612944602966309e-01 4.332109689712524414e-01 -8.358696848154067993e-02 -5.557985603809356689e-02 2.034551620483398438e+00 -3.560542128980159760e-03 -7.097250968217849731e-02 6.233054399490356445e-01 8.997762203216552734e-01 9.486290812492370605e-01 2.811060190200805664e+00 1.680423021316528320e+00
7.074270248413085938e-01 4.386256933212280273e-01 -8.395518362522125244e-02 -5.590446665883064270e-02 2.052049636840820312e+00 -3.568734042346477509e-03 -7.111504673957824707e-02 6.035208702087402344e-01 9.158269166946411133e-01 9.431069493293762207e-01 2.834497690200805664e+00 1.697371006011962891e+00
7.066918611526489258e-01 4.440205693244934082e-01 -8.432254940271377563e-02 -5.622833967208862305e-02 2.069499969482421875e+00 -3.576789516955614090e-03 -7.125744968652725220e-02 5.837970972061157227e-01 9.318302869796752930e-01 9.376177191734313965e-01 2.857902765274047852e+00 1.714305400848388672e+00
7.056720852851867676e-01 4.490507841110229492e-01 -8.470910042524337769e-02 -5.656964331865310669e-02 2.087070226669311523e+00 -3.574811387807130814e-03 -7.142589986324310303e-02 5.648909807205200195e-01 9.475468397140502930e-01 9.338670372962951660e-01 2.884323120117187500e+00 1.734315991401672363e+00
7.045895457267761230e-01 4.540218114852905273e-01 -8.510107547044754028e-02 -5.691573023796081543e-02 2.104745626449584961e+00 -3.570870961993932724e-03 -7.160009443759918213e-02 5.460320711135864258e-01 9.632828235626220703e-01 9.304221272468566895e-01 2.911450147628784180e+00 1.755016565322875977e+00
7.031018733978271484e-01 4.587281346321105957e-01 -8.551104366779327393e-02 -5.728081241250038147e-02 2.122665643692016602e+00 -3.557326504960656166e-03 -7.179655879735946655e-02 5.276169776916503906e-01 9.789642095565795898e-01 9.284000992774963379e-01 2.941688537597656250e+00 1.778847098350524902e+00
7.081629037857055664e-01 4.673970341682434082e-01 -8.597496896982192993e-02 -5.765029415488243103e-02 2.139872074127197266e+00 -3.565945196896791458e-03 -7.208156585693359375e-02 5.193353891372680664e-01 9.917234182357788086e-01 9.330156445503234863e-01 2.966442346572875977e+00 1.793577075004577637e+00
7.166455984115600586e-01 4.780952930450439453e-01 -8.646035194396972656e-02 -5.801630765199661255e-02 2.156571149826049805e+00 -3.587252460420131683e-03 -7.240652292966842651e-02 5.161426067352294922e-01 1.002940654754638672e+00 9.407586455345153809e-01 2.987787723541259766e+00 1.803047418594360352e+00
7.251563668251037598e-01 4.888223409652709961e-01 -8.694768697023391724e-02 -5.838374793529510498e-02 2.173332214355468750e+00 -3.608549945056438446e-03 -7.273296266794204712e-02 5.129449367523193359e-01 1.014191865921020508e+00 9.485450387001037598e-01 3.009235382080078125e+00 1.812579631805419922e+00
7.336431145668029785e-01 4.995173811912536621e-01 -8.743391931056976318e-02 -5.875036120414733887e-02 2.190050601959228516e+00 -3.629695391282439232e-03 -7.305879145860671997e-02 5.097616910934448242e-01 1.025410771369934082e+00 9.563270211219787598e-01 3.030655145645141602e+00 1.822115421295166016e+00
7.388837337493896484e-01 5.132583379745483398e-01 -8.785303682088851929e-02 -5.914083495736122131e-02 2.205051660537719727e+00 -3.655119100585579872e-03 -7.332000136375427246e-02 5.108098983764648438e-01 1.036832571029663086e+00 9.631887078285217285e-01 3.051034212112426758e+00 1.831650614738464355e+00
7.436996102333068848e-01 5.269036889076232910e-01 -8.825711160898208618e-02 -5.953505262732505798e-02 2.219470977783203125e+00 -3.678443375974893570e-03 -7.358097285032272339e-02 5.130814313888549805e-01 1.048240661621093750e+00 9.706311821937561035e-01 3.073119401931762695e+00 1.843069434165954590e+00
7.471063733100891113e-01 5.401111245155334473e-01 -8.865621685981750488e-02 -5.994043126702308655e-02 2.232663631439208984e+00 -3.680097637698054314e-03 -7.388437539339065552e-02 5.163698196411132812e-01 1.058414220809936523e+00 9.802066683769226074e-01 3.100764036178588867e+00 1.859012007713317871e+00
7.505571842193603516e-01 5.533897280693054199e-01 -8.905843645334243774e-02 -6.034870073199272156e-02 2.245925903320312500e+00 -3.681155620142817497e-03 -7.419092953205108643e-02 5.196568965911865234e-01 1.068661093711853027e+00 9.899213910102844238e-01 3.128753185272216797e+00 1.875182628631591797e+00
7.539954781532287598e-01 5.666204094886779785e-01 -8.945983648300170898e-02 -6.075597554445266724e-02 2.259151697158813477e+00 -3.682033857330679893e-03 -7.449707388877868652e-02 5.229384899139404297e-01 1.078870534896850586e+00 9.996334910392761230e-01 3.156705379486083984e+00 1.891348719596862793e+00
7.574461698532104492e-01 5.798985362052917480e-01 -8.986204862594604492e-02 -6.116424128413200378e-02 2.272413253784179688e+00 -3.683091606944799423e-03 -7.480362057685852051e-02 5.262253284454345703e-01 1.089117050170898438e+00 1.009347915649414062e+00 3.184694051742553711e+00 1.907519102096557617e+00
7.609602808952331543e-01 5.934122800827026367e-01 -9.026701748371124268e-02 -6.157635524868965149e-02 2.285831928253173828e+00 -3.685448085889220238e-03 -7.511068135499954224e-02 5.295234918594360352e-01 1.099548578262329102e+00 1.019001364707946777e+00 3.212720394134521484e+00 1.923591256141662598e+00
7.646968364715576172e-01 6.077561378479003906e-01 -9.068260341882705688e-02 -6.200276687741279602e-02 2.299818992614746094e+00 -3.692094935104250908e-03 -7.542065531015396118e-02 5.328719615936279297e-01 1.110630631446838379e+00 1.028491258621215820e+00 3.240982055664062500e+00 1.939402103424072266e+00
7.673035264015197754e-01 6.224820613861083984e-01 -9.111206978559494019e-02 -6.244793906807899475e-02 2.313803434371948242e+00 -3.695410210639238358e-03 -7.574685662984848022e-02 5.371775627136230469e-01 1.121315836906433105e+00 1.038418054580688477e+00 3.270103454589843750e+00 1.956075787544250488e+00
7.685130238533020020e-01 6.365542411804199219e-01 -9.156562387943267822e-02 -6.292479485273361206e-02 2.327464580535888672e+00 -3.683007322251796722e-03 -7.611210644245147705e-02 5.439158678054809570e-01 1.131247162818908691e+00 1.051156520843505859e+00 3.303997755050659180e+00 1.978216767311096191e+00
7.699574828147888184e-01 6.506075859069824219e-01 -9.201555699110031128e-02 -6.340061128139495850e-02 2.341163158416748047e+00 -3.673689672723412514e-03 -7.647182047367095947e-02 5.508130788803100586e-01 1.141449451446533203e+00 1.063774824142456055e+00 3.337732553482055664e+00 2.000348329544067383e+00
7.713555097579956055e-01 6.645982861518859863e-01 -9.245214611291885376e-02 -6.386579573154449463e-02 2.354550361633300781e+00 -3.666197881102561951e-03 -7.681791484355926514e-02 5.575493574142456055e-01 1.151556134223937988e+00 1.075865268707275391e+00 3.370326519012451172e+00 2.021564245223999023e+00
7.739121317863464355e-01 6.778526306152343750e-01 -9.289768338203430176e-02 -6.435310840606689453e-02 2.367220401763916016e+00 -3.652440616860985756e-03 -7.719429582357406616e-02 5.650331974029541016e-01 1.162049531936645508e+00 1.087022781372070312e+00 3.403639316558837891e+00 2.044022798538208008e+00
7.791009545326232910e-01 6.889003515243530273e-01 -9.334894269704818726e-02 -6.487454473972320557e-02 2.377792835235595703e+00 -3.624901408329606056e-03 -7.762849330902099609e-02 5.739647150039672852e-01 1.173073768615722656e+00 1.095573663711547852e+00 3.437385320663452148e+00 2.068515539169311523e+00
7.841817140579223633e-01 6.996420621871948242e-01 -9.379272162914276123e-02 -6.538567692041397095e-02 2.388169765472412109e+00 -3.597294213250279427e-03 -7.805611193180084229e-02 5.827205181121826172e-01 1.183828711509704590e+00 1.104072332382202148e+00 3.470623731613159180e+00 2.092692136764526367e+00
7.892452478408813477e-01 7.103589773178100586e-01 -9.423580020666122437e-02 -6.589607149362564087e-02 2.398525714874267578e+00 -3.569568041712045670e-03 -7.848303765058517456e-02 5.914791822433471680e-01 1.194557547569274902e+00 1.112581133842468262e+00 3.503831863403320312e+00 2.116870641708374023e+00
7.958417534828186035e-01 7.234333157539367676e-01 -9.475214779376983643e-02 -6.643158197402954102e-02 2.404429674148559570e+00 -3.580215154215693474e-03 -7.897644490003585815e-02 5.992590188980102539e-01 1.208636760711669922e+00 1.118540167808532715e+00 3.533149480819702148e+00 2.139361619949340820e+00
8.023870587348937988e-01 7.337467670440673828e-01 -9.517982602119445801e-02 -6.689679622650146484e-02 2.409296989440917969e+00 -3.564029466360807419e-03 -7.941596210002899170e-02 6.058591604232788086e-01 1.220408201217651367e+00 1.125029921531677246e+00 3.562787294387817383e+00 2.162058115005493164e+00
8.089587092399597168e-01 7.439309358596801758e-01 -9.560023993253707886e-02 -6.735646724700927734e-02 2.414294719696044922e+00 -3.546497086063027382e-03 -7.984978705644607544e-02 6.122627258300781250e-01 1.232031822204589844e+00 1.131470680236816406e+00 3.592380046844482422e+00 2.184501886367797852e+00
8.155123591423034668e-01 7.540768384933471680e-01 -9.601970762014389038e-02 -6.781499087810516357e-02 2.419282436370849609e+00 -3.528871806338429451e-03 -8.028274029493331909e-02 6.186530590057373047e-01 1.243617534637451172e+00 1.137913823127746582e+00 3.621927738189697266e+00 2.206918954849243164e+00
8.220757842063903809e-01 7.642968297004699707e-01 -9.643848240375518799e-02 -6.827339529991149902e-02 2.424254179000854492e+00 -3.512078430503606796e-03 -8.071429282426834106e-02 6.250270605087280273e-01 1.255254507064819336e+00 1.144242525100708008e+00 3.651292800903320312e+00 2.229156970977783203e+00
8.286293745040893555e-01 7.744425535202026367e-01 -9.685794264078140259e-02 -6.873191893100738525e-02 2.429242134094238281e+00 -3.494449891149997711e-03 -8.114724606275558472e-02 6.314171552658081055e-01 1.266839981079101562e+00 1.150686025619506836e+00 3.680841207504272461e+00 2.251573801040649414e+00
8.352365493774414062e-01 7.846701145172119141e-01 -9.728101640939712524e-02 -6.919460743665695190e-02 2.434237480163574219e+00 -3.476283280178904533e-03 -8.158450573682785034e-02 6.378768682479858398e-01 1.278522253036499023e+00 1.157229185104370117e+00 3.710738182067871094e+00 2.274280786514282227e+00
8.419137597084045410e-01 7.950135469436645508e-01 -9.770850837230682373e-02 -6.966247409582138062e-02 2.439250946044921875e+00 -3.457677783444523811e-03 -8.202682435512542725e-02 6.444176435470581055e-01 1.290335416793823242e+00 1.163867473602294922e+00 3.741020441055297852e+00 2.297297000885009766e+00
8.485726714134216309e-01 8.053191900253295898e-01 -9.813506156206130981e-02 -7.012920826673507690e-02 2.444254875183105469e+00 -3.438974730670452118e-03 -8.246827125549316406e-02 6.509449481964111328e-01 1.302110791206359863e+00 1.170509099960327148e+00 3.771259069442749023e+00 2.320287227630615234e+00
8.552500009536743164e-01 8.156627416610717773e-01 -9.856256097555160522e-02 -7.059708237648010254e-02 2.449267864227294922e+00 -3.420367371290922165e-03 -8.291058242321014404e-02 6.574860811233520508e-01 1.313924193382263184e+00 1.177147388458251953e+00 3.801541805267333984e+00 2.343304157257080078e+00
8.608337044715881348e-01 8.240159749984741211e-01 -9.895830601453781128e-02 -7.102317363023757935e-02 2.453077793121337891e+00 -3.394604660570621490e-03 -8.334361016750335693e-02 6.639572381973266602e-01 1.323929309844970703e+00 1.184428930282592773e+00 3.831622600555419922e+00 2.366862535476684570e+00
8.662740588188171387e-01 8.321123719215393066e-01 -9.935031831264495850e-02 -7.144427299499511719e-02 2.456717967987060547e+00 -3.367872210219502449e-03 -8.377618342638015747e-02 6.704330444335937500e-01 1.333705186843872070e+00 1.191803216934204102e+00 3.861721992492675781e+00 2.390531301498413086e+00
8.717002272605895996e-01 8.401791453361511230e-01 -9.974153339862823486e-02 -7.186438888311386108e-02 2.460352420806884766e+00 -3.341074567288160324e-03 -8.420794457197189331e-02 6.768958568572998047e-01 1.343450546264648438e+00 1.199178218841552734e+00 3.891778469085693359e+00 2.414171218872070312e+00
8.771312236785888672e-01 8.483101129531860352e-01 -1.001318916678428650e-01 -7.228418439626693726e-02 2.463966846466064453e+00 -3.315085079520940781e-03 -8.463822305202484131e-02 6.833412647247314453e-01 1.353238344192504883e+00 1.206440210342407227e+00 3.921648025512695312e+00 2.437631607055664062e+00
8.825572133064270020e-01 8.563765287399291992e-01 -1.005230769515037537e-01 -7.270430028438568115e-02 2.467601776123046875e+00 -3.288286039605736732e-03 -8.506997674703598022e-02 6.898040771484375000e-01 1.362983345985412598e+00 1.213815212249755859e+00 3.951704502105712891e+00 2.461271762847900391e+00
8.879831433296203613e-01 8.644430637359619141e-01 -1.009142771363258362e-01 -7.312440872192382812e-02 2.471236705780029297e+00 -3.261489560827612877e-03 -8.550174534320831299e-02 6.962666511535644531e-01 1.372728347778320312e+00 1.221190214157104492e+00 3.981760501861572266e+00 2.484911680221557617e+00
8.934235572814941406e-01 8.725398182868957520e-01 -1.013063043355941772e-01 -7.354550808668136597e-02 2.474876642227172852e+00 -3.234757343307137489e-03 -8.593431115150451660e-02 7.027423381805419922e-01 1.382504463195800781e+00 1.228564500808715820e+00 4.011860370635986328e+00 2.508580446243286133e+00
8.988500833511352539e-01 8.806073665618896484e-01 -1.016975343227386475e-01 -7.396566867828369141e-02 2.478512048721313477e+00 -3.207958536222577095e-03 -8.636611700057983398e-02 7.092058658599853516e-01 1.392250537872314453e+00 1.235940337181091309e+00 4.041919708251953125e+00 2.532222747802734375e+00
9.043415188789367676e-01 8.887618184089660645e-01 -1.020932272076606750e-01 -7.439082860946655273e-02 2.482162952423095703e+00 -3.180625149980187416e-03 -8.680327981710433960e-02 7.157546281814575195e-01 1.402108907699584961e+00 1.243417739868164062e+00 4.072374820709228516e+00 2.556191682815551758e+00
9.101976156234741211e-01 8.971568346023559570e-01 -1.025235727429389954e-01 -7.484976202249526978e-02 2.486160755157470703e+00 -3.146595088765025139e-03 -8.728252351284027100e-02 7.229022979736328125e-01 1.412458896636962891e+00 1.252122640609741211e+00 4.106232643127441406e+00 2.583034276962280273e+00
9.154642224311828613e-01 9.038195610046386719e-01 -1.029320284724235535e-01 -7.528278231620788574e-02 2.490015506744384766e+00 -3.101487178355455399e-03 -8.775009214878082275e-02 7.301651239395141602e-01 1.421322703361511230e+00 1.261766195297241211e+00 4.140474796295166016e+00 2.610844612121582031e+00
9.203628301620483398e-01 9.097881913185119629e-01 -1.033276692032814026e-01 -7.570489495992660522e-02 2.493999958038330078e+00 -3.053549211472272873e-03 -8.819694072008132935e-02 7.378096580505371094e-01 1.429568529129028320e+00 1.271453380584716797e+00 4.173527717590332031e+00 2.638331174850463867e+00
9.246019124984741211e-01 9.156769514083862305e-01 -1.037452742457389832e-01 -7.616405934095382690e-02 2.499367713928222656e+00 -3.006934188306331635e-03 -8.861780911684036255e-02 7.482421398162841797e-01 1.437941312789916992e+00 1.280849099159240723e+00 4.203683853149414062e+00 2.665614843368530273e+00
9.287287592887878418e-01 9.214160442352294922e-01 -1.041691973805427551e-01 -7.662868499755859375e-02 2.504846811294555664e+00 -2.956235548481345177e-03 -8.904642611742019653e-02 7.588914632797241211e-01 1.446215987205505371e+00 1.290893197059631348e+00 4.234922409057617188e+00 2.693909406661987305e+00
9.328674674034118652e-01 9.271802902221679688e-01 -1.045938879251480103e-01 -7.709424942731857300e-02 2.510329723358154297e+00 -2.905543893575668335e-03 -8.947581797838211060e-02 7.695573568344116211e-01 1.454517841339111328e+00 1.300941944122314453e+00 4.266206741333007812e+00 2.722239971160888672e+00
9.369944334030151367e-01 9.329190850257873535e-01 -1.050177961587905884e-01 -7.755883783102035522e-02 2.515809059143066406e+00 -2.854846650734543800e-03 -8.990444988012313843e-02 7.802063226699829102e-01 1.462792038917541504e+00 1.310985565185546875e+00 4.297445297241210938e+00 2.750533819198608398e+00
9.407173991203308105e-01 9.375994801521301270e-01 -1.054276451468467712e-01 -7.800393551588058472e-02 2.521540641784667969e+00 -2.798542613163590431e-03 -9.031794965267181396e-02 7.908246517181396484e-01 1.470043778419494629e+00 1.321661710739135742e+00 4.328423500061035156e+00 2.779062509536743164e+00
9.444208741188049316e-01 9.422575831413269043e-01 -1.058383733034133911e-01 -7.844959199428558350e-02 2.527321338653564453e+00 -2.741921227425336838e-03 -9.073188900947570801e-02 8.014754056930541992e-01 1.477271437644958496e+00 1.332411527633666992e+00 4.359477996826171875e+00 2.807679891586303711e+00
9.481133818626403809e-01 9.468932151794433594e-01 -1.062483862042427063e-01 -7.889434695243835449e-02 2.533098697662353516e+00 -2.685308689251542091e-03 -9.114511311054229736e-02 8.121099472045898438e-01 1.484474062919616699e+00 1.343155860900878906e+00 4.390488624572753906e+00 2.836261749267578125e+00
9.518173336982727051e-01 9.515519142150878906e-01 -1.066591590642929077e-01 -7.934005558490753174e-02 2.538880109786987305e+00 -2.628681948408484459e-03 -9.155908226966857910e-02 8.227622509002685547e-01 1.491702556610107422e+00 1.353906869888305664e+00 4.421546936035156250e+00 2.864882707595825195e+00
9.555092453956604004e-01 9.561865329742431641e-01 -1.070691496133804321e-01 -7.978477329015731812e-02 2.544657230377197266e+00 -2.572069177404046059e-03 -9.197226911783218384e-02 8.333963155746459961e-01 1.498904228210449219e+00 1.364651203155517578e+00 4.452554702758789062e+00 2.893463134765625000e+00
9.592993855476379395e-01 9.608714580535888672e-01 -1.074839085340499878e-01 -8.023475110530853271e-02 2.550493717193603516e+00 -2.515678061172366142e-03 -9.239032864570617676e-02 8.441295623779296875e-01 1.506235837936401367e+00 1.375329017639160156e+00 4.483694076538085938e+00 2.922148942947387695e+00
9.630985856056213379e-01 9.654823541641235352e-01 -1.079019308090209961e-01 -8.068747073411941528e-02 2.556424140930175781e+00 -2.458357950672507286e-03 -9.281178563833236694e-02 8.549609184265136719e-01 1.513542175292968750e+00 1.386147260665893555e+00 4.515098571777343750e+00 2.951116800308227539e+00
9.668974876403808594e-01 9.701215028762817383e-01 -1.083205565810203552e-01 -8.114083111286163330e-02 2.562365531921386719e+00 -2.401222474873065948e-03 -9.323362261056900024e-02 8.658039569854736328e-01 1.520869255065917969e+00 1.396958827972412109e+00 4.546511650085449219e+00 2.980082511901855469e+00
9.706854224205017090e-01 9.747377634048461914e-01 -1.087384521961212158e-01 -8.159328252077102661e-02 2.568302869796752930e+00 -2.344093052670359612e-03 -9.365475177764892578e-02 8.766306638717651367e-01 1.528171062469482422e+00 1.407765030860900879e+00 4.577879905700683594e+00 3.009012460708618164e+00
9.744729995727539062e-01 9.793539047241210938e-01 -1.091563329100608826e-01 -8.204573392868041992e-02 2.574240684509277344e+00 -2.286964328959584236e-03 -9.407586604356765747e-02 8.874571323394775391e-01 1.535472631454467773e+00 1.418571472167968750e+00 4.609247207641601562e+00 3.037941694259643555e+00
9.782720804214477539e-01 9.839935302734375000e-01 -1.095749661326408386e-01 -8.249912410974502563e-02 2.580182075500488281e+00 -2.229826059192419052e-03 -9.449773281812667847e-02 8.983006477355957031e-01 1.542800188064575195e+00 1.429383277893066406e+00 4.640661716461181641e+00 3.066908836364746094e+00
9.820087552070617676e-01 9.884504079818725586e-01 -1.099987179040908813e-01 -8.295976370573043823e-02 2.586193084716796875e+00 -2.167695900425314903e-03 -9.492725133895874023e-02 9.095304012298583984e-01 1.550006747245788574e+00 1.440829157829284668e+00 4.673220634460449219e+00 3.097114324569702148e+00
9.855967164039611816e-01 9.914112091064453125e-01 -1.103729978203773499e-01 -8.338669687509536743e-02 2.592746257781982422e+00 -2.085180720314383507e-03 -9.532538056373596191e-02 9.203001260757446289e-01 1.555553913116455078e+00 1.453462481498718262e+00 4.707506179809570312e+00 3.128501892089843750e+00
9.886028766632080078e-01 9.921162128448486328e-01 -1.106768101453781128e-01 -8.373931050300598145e-02 2.599991321563720703e+00 -1.990886637941002846e-03 -9.566396474838256836e-02 9.294788837432861328e-01 1.558555603027343750e+00 1.466559290885925293e+00 4.740495681762695312e+00 3.158265113830566406e+00
9.911149740219116211e-01 9.933093786239624023e-01 -1.110124960541725159e-01 -8.410203456878662109e-02 2.608371257781982422e+00 -1.914965454488992691e-03 -9.598167985677719116e-02 9.392629861831665039e-01 1.562027096748352051e+00 1.478803873062133789e+00 4.768917083740234375e+00 3.185152053833007812e+00
9.933854937553405762e-01 9.951617717742919922e-01 -1.113865822553634644e-01 -8.449159562587738037e-02 2.617863655090332031e+00 -1.850802218541502953e-03 -9.629338979721069336e-02 9.500881433486938477e-01 1.566220283508300781e+00 1.490709066390991211e+00 4.794702529907226562e+00 3.210795879364013672e+00
9.956123232841491699e-01 9.970204830169677734e-01 -1.117603629827499390e-01 -8.488053083419799805e-02 2.627368211746215820e+00 -1.786526991054415703e-03 -9.660387784242630005e-02 9.609115123748779297e-01 1.570392131805419922e+00 1.502678155899047852e+00 4.820484161376953125e+00 3.236455440521240234e+00
9.964365959167480469e-01 9.983985424041748047e-01 -1.121100410819053650e-01 -8.525110036134719849e-02 2.637093544006347656e+00 -1.714005717076361179e-03 -9.687992185354232788e-02 9.724187850952148438e-01 1.573365569114685059e+00 1.516177177429199219e+00 4.846495151519775391e+00 3.263098478317260742e+00
9.980371594429016113e-01 9.999955892562866211e-01 -1.124453172087669373e-01 -8.561079204082489014e-02 2.646234035491943359e+00 -1.647772500291466713e-03 -9.715261310338973999e-02 9.829393625259399414e-01 1.576843738555908203e+00 1.527950286865234375e+00 4.870981693267822266e+00 3.287595748901367188e+00
9.997605085372924805e-01 1.001644015312194824e+00 -1.127795279026031494e-01 -8.596972376108169556e-02 2.655303478240966797e+00 -1.582489814609289169e-03 -9.742557257413864136e-02 9.933253526687622070e-01 1.580418109893798828e+00 1.539489984512329102e+00 4.895284652709960938e+00 3.311814785003662109e+00
1.001477479934692383e+00 1.003277182579040527e+00 -1.131131947040557861e-01 -8.632799237966537476e-02 2.664363861083984375e+00 -1.517230528406798840e-03 -9.769808501005172729e-02 1.003697991371154785e+00 1.583976387977600098e+00 1.551021814346313477e+00 4.919557094573974609e+00 3.336007833480834961e+00
1.003172993659973145e+00 1.004745841026306152e+00 -1.134529113769531250e-01 -8.669207990169525146e-02 2.673674106597900391e+00 -1.449224888347089291e-03 -9.797562658786773682e-02 1.014337897300720215e+00 1.587442159652709961e+00 1.562947750091552734e+00 4.944429397583007812e+00 3.360883235931396484e+00
1.004862189292907715e+00 1.006198525428771973e+00 -1.137921214103698730e-01 -8.705557882785797119e-02 2.682977199554443359e+00 -1.381228794343769550e-03 -9.825277328491210938e-02 1.024966239929199219e+00 1.590891599655151367e+00 1.574867963790893555e+00 4.969275474548339844e+00 3.385737180709838867e+00
1.006485342979431152e+00 1.007858753204345703e+00 -1.141310408711433411e-01 -8.741947263479232788e-02 2.692219734191894531e+00 -1.314325956627726555e-03 -9.852802753448486328e-02 1.035592198371887207e+00 1.594436168670654297e+00 1.586774110794067383e+00 4.994038581848144531e+00 3.410496234893798828e+00
1.007519364356994629e+00 1.009786963462829590e+00 -1.144775375723838806e-01 -8.778528124094009399e-02 2.701374053955078125e+00 -1.250410918146371841e-03 -9.880304336547851562e-02 1.046541690826416016e+00 1.597942829132080078e+00 1.599163055419921875e+00 5.018734931945800781e+00 3.435558557510375977e+00
1.008050203323364258e+00 1.011485457420349121e+00 -1.148156523704528809e-01 -8.812808990478515625e-02 2.709621429443359375e+00 -1.196907483972609043e-03 -9.907118231058120728e-02 1.056985259056091309e+00 1.601184010505676270e+00 1.610722780227661133e+00 5.041179656982421875e+00 3.458822488784790039e+00
1.008655071258544922e+00 1.013382315635681152e+00 -1.151437535881996155e-01 -8.846127986907958984e-02 2.717511177062988281e+00 -1.147333183325827122e-03 -9.933165460824966431e-02 1.066979408264160156e+00 1.604541063308715820e+00 1.621648550033569336e+00 5.062706947326660156e+00 3.481006860733032227e+00
1.009263634681701660e+00 1.015293240547180176e+00 -1.154724061489105225e-01 -8.879508823156356812e-02 2.725410223007202148e+00 -1.097753294743597507e-03 -9.959256649017333984e-02 1.076987504959106445e+00 1.607912540435791016e+00 1.632583498954772949e+00 5.084263801574707031e+00 3.503217220306396484e+00
1.009660243988037109e+00 1.017211318016052246e+00 -1.158052831888198853e-01 -8.913084119558334351e-02 2.733657598495483398e+00 -1.046926248818635941e-03 -9.985426068305969238e-02 1.087121605873107910e+00 1.611124515533447266e+00 1.644058227539062500e+00 5.106357097625732422e+00 3.525941848754882812e+00
1.010052204132080078e+00 1.019130110740661621e+00 -1.161382347345352173e-01 -8.946662396192550659e-02 2.741912603378295898e+00 -9.960739407688379288e-04 -1.001159548759460449e-01 1.097258925437927246e+00 1.614333391189575195e+00 1.655545234680175781e+00 5.128462791442871094e+00 3.548677682876586914e+00
1.010448813438415527e+00 1.021063089370727539e+00 -1.164717897772789001e-01 -8.980308473110198975e-02 2.750175952911376953e+00 -9.452155791223049164e-04 -1.003781259059906006e-01 1.107410430908203125e+00 1.617557764053344727e+00 1.667040348052978516e+00 5.150597095489501953e+00 3.571440219879150391e+00
1.010841012001037598e+00 1.022981762886047363e+00 -1.168047562241554260e-01 -9.013887494802474976e-02 2.758430957794189453e+00 -8.943610591813921928e-04 -1.006398350000381470e-01 1.117547631263732910e+00 1.620766639709472656e+00 1.678527355194091797e+00 5.172703266143798828e+00 3.594177007675170898e+00
1.011253833770751953e+00 1.024956822395324707e+00 -1.171361133456230164e-01 -9.047345817089080811e-02 2.766608476638793945e+00 -8.442408288829028606e-04 -1.009003221988677979e-01 1.127617597579956055e+00 1.624019145965576172e+00 1.689888238906860352e+00 5.194645881652832031e+00 3.616724967956542969e+00
1.011641502380371094e+00 1.026843190193176270e+00 -1.174698621034622192e-01 -9.081000089645385742e-02 2.774895668029785156e+00 -7.929419516585767269e-04 -1.011627763509750366e-01 1.137796998023986816e+00 1.627206087112426758e+00 1.701438665390014648e+00 5.216843605041503906e+00 3.639574289321899414e+00
1.012030124664306641e+00 1.028719305992126465e+00 -1.178048700094223022e-01 -9.114781767129898071e-02 2.783217430114746094e+00 -7.412772392854094505e-04 -1.014263257384300232e-01 1.148025989532470703e+00 1.630391955375671387e+00 1.713048696517944336e+00 5.239147186279296875e+00 3.662543058395385742e+00
1.012414336204528809e+00 1.030580043792724609e+00 -1.181392818689346313e-01 -9.148498624563217163e-02 2.791531085968017578e+00 -6.896189297549426556e-04 -1.016894057393074036e-01 1.158239841461181641e+00 1.633561849594116211e+00 1.724650621414184570e+00 5.261420249938964844e+00 3.685484886169433594e+00
1.012803435325622559e+00 1.032461643218994141e+00 -1.184747889637947083e-01 -9.182344377040863037e-02 2.799864292144775391e+00 -6.378715625032782555e-04 -1.019533872604370117e-01 1.168490767478942871e+00 1.636754989624023438e+00 1.736274719238281250e+00 5.283760070800781250e+00 3.708491086959838867e+00
1.013188362121582031e+00 1.034330964088439941e+00 -1.188099160790443420e-01 -9.216148406267166138e-02 2.808193206787109375e+00 -5.861058016307651997e-04 -1.022170782089233398e-01 1.178733825683593750e+00 1.639935612678527832e+00 1.747895121574401855e+00 5.306082725524902344e+00 3.731483221054077148e+00
1.013573527336120605e+00 1.036200523376464844e+00 -1.191450059413909912e-01 -9.249950200319290161e-02 2.816521644592285156e+00 -5.343442317098379135e-04 -1.024807691574096680e-01 1.188976407051086426e+00 1.643116235733032227e+00 1.759514808654785156e+00 5.328404426574707031e+00 3.754473924636840820e+00
1.013962984085083008e+00 1.038084626197814941e+00 -1.194807216525077820e-01 -9.283819794654846191e-02 2.824858188629150391e+00 -4.825726791750639677e-04 -1.027449294924736023e-01 1.199234962463378906e+00 1.646312832832336426e+00 1.771143198013305664e+00 5.350756645202636719e+00 3.777492761611938477e+00
1.014347910881042480e+00 1.039953470230102539e+00 -1.198158264160156250e-01 -9.317620843648910522e-02 2.833187103271484375e+00 -4.308061907067894936e-04 -1.030086129903793335e-01 1.209477663040161133e+00 1.649492979049682617e+00 1.782763481140136719e+00 5.373079299926757812e+00 3.800484418869018555e+00
1.014754176139831543e+00 1.041880249977111816e+00 -1.201493069529533386e-01 -9.351299703121185303e-02 2.841436862945556641e+00 -3.797899989876896143e-04 -1.032710447907447815e-01 1.219651699066162109e+00 1.652718067169189453e+00 1.794255614280700684e+00 5.395235538482666016e+00 3.823283910751342773e+00
1.015098690986633301e+00 1.043529868125915527e+00 -1.204742193222045898e-01 -9.383955597877502441e-02 2.849621772766113281e+00 -3.283994446974247694e-04 -1.035266965627670288e-01 1.229592442512512207e+00 1.655663728713989258e+00 1.805683970451354980e+00 5.417018413543701172e+00 3.845742464065551758e+00
1.015393376350402832e+00 1.044881701469421387e+00 -1.207831576466560364e-01 -9.414815902709960938e-02 2.857558727264404297e+00 -2.780627401079982519e-04 -1.037697643041610718e-01 1.239031910896301270e+00 1.658279895782470703e+00 1.816757798194885254e+00 5.437903404235839844e+00 3.867287158966064453e+00
1.015216588973999023e+00 1.046272635459899902e+00 -1.211037039756774902e-01 -9.445951133966445923e-02 2.866183996200561523e+00 -2.274588478030636907e-04 -1.040149405598640442e-01 1.248583436012268066e+00 1.660663604736328125e+00 1.828758478164672852e+00 5.459475517272949219e+00 3.889411449432373047e+00
1.014910817146301270e+00 1.047678112983703613e+00 -1.214263290166854858e-01 -9.477265179157257080e-02 2.874976634979248047e+00 -1.765305496519431472e-04 -1.042611002922058105e-01 1.258248329162597656e+00 1.662979602813720703e+00 1.840955495834350586e+00 5.481287479400634766e+00 3.911744117736816406e+00
1.014599919319152832e+00 1.049069762229919434e+00 -1.217484325170516968e-01 -9.508521854877471924e-02 2.883762359619140625e+00 -1.255964452866464853e-04 -1.045068651437759399e-01 1.267901420593261719e+00 1.665280342102050781e+00 1.853147268295288086e+00 5.503075599670410156e+00 3.934056043624877930e+00
1.014289617538452148e+00 1.050461649894714355e+00 -1.220705583691596985e-01 -9.539777785539627075e-02 2.892548322677612305e+00 -7.466755778295919299e-05 -1.047526150941848755e-01 1.277553915977478027e+00 1.667581558227539062e+00 1.865338563919067383e+00 5.524863243103027344e+00 3.956366300582885742e+00
1.013941764831542969e+00 1.051948547363281250e+00 -1.223924234509468079e-01 -9.571000188589096069e-02 2.901376247406005859e+00 -2.467781268933322281e-05 -1.049978509545326233e-01 1.287155508995056152e+00 1.669909477233886719e+00 1.877481222152709961e+00 5.546600341796875000e+00 3.978523015975952148e+00
1.013601660728454590e+00 1.053263902664184570e+00 -1.227219179272651672e-01 -9.601354598999023438e-02 2.910826921463012695e+00 1.851677894592285156e-03 -1.052547022700309753e-01 1.295991420745849609e+00 1.671990633010864258e+00 1.889372110366821289e+00 5.568153381347656250e+00 3.999724149703979492e+00
1.013356804847717285e+00 1.054445624351501465e+00 -1.230546906590461731e-01 -9.631284326314926147e-02 2.920455455780029297e+00 5.870714783668518066e-03 -1.055177077651023865e-01 1.304452180862426758e+00 1.673986673355102539e+00 1.901057243347167969e+00 5.589539527893066406e+00 4.020473003387451172e+00
1.013078808784484863e+00 1.055569171905517578e+00 -1.233894154429435730e-01 -9.661342203617095947e-02 2.930184364318847656e+00 9.963095188140869141e-03 -1.057820469141006470e-01 1.312981247901916504e+00 1.675930380821228027e+00 1.912893533706665039e+00 5.611110210418701172e+00 4.041425228118896484e+00
1.012912750244140625e+00 1.056794524192810059e+00 -1.237211748957633972e-01 -9.691133350133895874e-02 2.939765930175781250e+00 1.388405263423919678e-02 -1.060448437929153442e-01 1.321304678916931152e+00 1.677986145019531250e+00 1.924405574798583984e+00 5.632324218750000000e+00 4.061915397644042969e+00
1.013207197189331055e+00 1.058773279190063477e+00 -1.240719556808471680e-01 -9.721504151821136475e-02 2.948193550109863281e+00 1.659112423658370972e-02 -1.063242778182029724e-01 1.329226851463317871e+00 1.681027173995971680e+00 1.935008525848388672e+00 5.652214527130126953e+00 4.081545352935791016e+00
1.013459563255310059e+00 1.060947895050048828e+00 -1.244289577007293701e-01 -9.751927107572555542e-02 2.956366777420043945e+00 1.901904493570327759e-02 -1.066057160496711731e-01 1.337085604667663574e+00 1.684250354766845703e+00 1.945659875869750977e+00 5.671805858612060547e+00 4.101121902465820312e+00
1.013567924499511719e+00 1.063097000122070312e+00 -1.247848644852638245e-01 -9.782063961029052734e-02 2.964552879333496094e+00 2.147265523672103882e-02 -1.068833693861961365e-01 1.344925284385681152e+00 1.687376260757446289e+00 1.956508398056030273e+00 5.691333770751953125e+00 4.120731353759765625e+00
1.013534188270568848e+00 1.065221190452575684e+00 -1.251481026411056519e-01 -9.812615066766738892e-02 2.972966432571411133e+00 2.401926368474960327e-02 -1.071649044752120972e-01 1.352945923805236816e+00 1.690431714057922363e+00 1.967814683914184570e+00 5.711312294006347656e+00 4.140882015228271484e+00
1.013461232185363770e+00 1.067327380180358887e+00 -1.255125850439071655e-01 -9.843204915523529053e-02 2.981424808502197266e+00 2.658695727586746216e-02 -1.074469089508056641e-01 1.360997319221496582e+00 1.693457484245300293e+00 1.979224443435668945e+00 5.731370449066162109e+00 4.161139965057373047e+00
1.013353586196899414e+00 1.069432616233825684e+00 -1.258780807256698608e-01 -9.873802214860916138e-02 2.989934921264648438e+00 2.915728837251663208e-02 -1.077291071414947510e-01 1.369050383567810059e+00 1.696461200714111328e+00 1.990718364715576172e+00 5.751484870910644531e+00 4.181453227996826172e+00
1.013254523277282715e+00 1.071572422981262207e+00 -1.262416392564773560e-01 -9.904277324676513672e-02 2.998409748077392578e+00 3.169315308332443237e-02 -1.080097928643226624e-01 1.377050280570983887e+00 1.699479341506958008e+00 2.002124071121215820e+00 5.771493911743164062e+00 4.201620578765869141e+00
1.013124227523803711e+00 1.073676705360412598e+00 -1.266077458858489990e-01 -9.934876114130020142e-02 3.006952285766601562e+00 3.426513820886611938e-02 -1.082921028137207031e-01 1.385104298591613770e+00 1.702468156814575195e+00 2.013671636581420898e+00 5.791643142700195312e+00 4.221969127655029297e+00
1.012998580932617188e+00 1.075792551040649414e+00 -1.269743144512176514e-01 -9.965530037879943848e-02 3.015504837036132812e+00 3.683755546808242798e-02 -1.085748299956321716e-01 1.393169641494750977e+00 1.705469131469726562e+00 2.025224208831787109e+00 5.811819553375244141e+00 4.242338180541992188e+00
1.012868046760559082e+00 1.077897548675537109e+00 -1.273404210805892944e-01 -9.996133297681808472e-02 3.024048328399658203e+00 3.940971940755844116e-02 -1.088571548461914062e-01 1.401224493980407715e+00 1.708458542823791504e+00 2.036772966384887695e+00 5.831970691680908203e+00 4.262688159942626953e+00
1.012712359428405762e+00 1.080004572868347168e+00 -1.277070492506027222e-01 -1.002678871154785156e-01 3.032588481903076172e+00 4.198256880044937134e-02 -1.091397181153297424e-01 1.409317731857299805e+00 1.711447477340698242e+00 2.048340559005737305e+00 5.852132797241210938e+00 4.283072948455810547e+00
1.010931253433227539e+00 1.081751585006713867e+00 -1.280788034200668335e-01 -1.005742251873016357e-01 3.040580987930297852e+00 4.454379528760910034e-02 -1.094113737344741821e-01 1.418785452842712402e+00 1.713860273361206055e+00 2.060874462127685547e+00 5.871537208557128906e+00 4.304233074188232422e+00
1.009317159652709961e+00 1.084149003028869629e+00 -1.284460723400115967e-01 -1.008712649345397949e-01 3.048519134521484375e+00 4.667251557111740112e-02 -1.096658781170845032e-01 1.427325844764709473e+00 1.716812372207641602e+00 2.073068380355834961e+00 5.889793872833251953e+00 4.323786258697509766e+00
1.007783651351928711e+00 1.086407899856567383e+00 -1.288021057844161987e-01 -1.011584922671318054e-01 3.056218624114990234e+00 4.880929738283157349e-02 -1.099122241139411926e-01 1.435582518577575684e+00 1.719638109207153320e+00 2.084979772567749023e+00 5.907541751861572266e+00 4.342847824096679688e+00
1.006365060806274414e+00 1.088490843772888184e+00 -1.291434317827224731e-01 -1.014329791069030762e-01 3.063602447509765625e+00 5.095734447240829468e-02 -1.101479381322860718e-01 1.443466067314147949e+00 1.722306132316589355e+00 2.096512079238891602e+00 5.924627304077148438e+00 4.361263275146484375e+00
1.004950642585754395e+00 1.090583324432373047e+00 -1.294851601123809814e-01 -1.017079353332519531e-01 3.070993900299072266e+00 5.310621112585067749e-02 -1.103840023279190063e-01 1.451360106468200684e+00 1.724984884262084961e+00 2.108047723770141602e+00 5.941734313964843750e+00 4.379695415496826172e+00
1.003576159477233887e+00 1.092681527137756348e+00 -1.298232376575469971e-01 -1.019805893301963806e-01 3.078301906585693359e+00 5.522467941045761108e-02 -1.106178909540176392e-01 1.459172010421752930e+00 1.727665781974792480e+00 2.119420766830444336e+00 5.958667278289794922e+00 4.397914886474609375e+00
1.002162218093872070e+00 1.094774723052978516e+00 -1.301649510860443115e-01 -1.022555604577064514e-01 3.085693597793579102e+00 5.737321823835372925e-02 -1.108539551496505737e-01 1.467065453529357910e+00 1.730344891548156738e+00 2.130955934524536133e+00 5.975773811340332031e+00 4.416346073150634766e+00
1.000743389129638672e+00 1.096857309341430664e+00 -1.305062621831893921e-01 -1.025300547480583191e-01 3.093078136444091797e+00 5.952168256044387817e-02 -1.110896766185760498e-01 1.474949717521667480e+00 1.733013153076171875e+00 2.142488479614257812e+00 5.992859363555908203e+00 4.434762001037597656e+00
9.993292689323425293e-01 1.098949432373046875e+00 -1.308479607105255127e-01 -1.028050035238265991e-01 3.100468635559082031e+00 6.167014688253402710e-02 -1.113257184624671936e-01 1.482842326164245605e+00 1.735691547393798828e+00 2.154022932052612305e+00 6.009965419769287109e+00 4.453192710876464844e+00
9.979107379913330078e-01 1.101032376289367676e+00 -1.311893016099929810e-01 -1.030795052647590637e-01 3.107853412628173828e+00 6.381852179765701294e-02 -1.115614548325538635e-01 1.490726828575134277e+00 1.738359808921813965e+00 2.165555953979492188e+00 6.027051925659179688e+00 4.471608638763427734e+00
9.963694214820861816e-01 1.103118062019348145e+00 -1.315368413925170898e-01 -1.033584028482437134e-01 3.115360260009765625e+00 6.604348868131637573e-02 -1.118001267313957214e-01 1.498818635940551758e+00 1.741015672683715820e+00 2.177425861358642578e+00 6.044450759887695312e+00 4.490465164184570312e+00
9.948115944862365723e-01 1.105193018913269043e+00 -1.318844705820083618e-01 -1.036371663212776184e-01 3.122870445251464844e+00 6.827511638402938843e-02 -1.120386570692062378e-01 1.506918430328369141e+00 1.743658065795898438e+00 2.189323186874389648e+00 6.061853408813476562e+00 4.509343624114990234e+00
9.934183955192565918e-01 1.107278466224670410e+00 -1.322260499000549316e-01 -1.039109230041503906e-01 3.130303621292114258e+00 7.038707286119461060e-02 -1.122747212648391724e-01 1.514718890190124512e+00 1.746325254440307617e+00 2.200837373733520508e+00 6.078927516937255859e+00 4.527674198150634766e+00
9.923492074012756348e-01 1.109381556510925293e+00 -1.325557529926300049e-01 -1.041755378246307373e-01 3.137558460235595703e+00 7.228413969278335571e-02 -1.125062331557273865e-01 1.521981835365295410e+00 1.749048471450805664e+00 2.211590766906738281e+00 6.095375061035156250e+00 4.544983386993408203e+00
9.913154840469360352e-01 1.111490488052368164e+00 -1.328819543123245239e-01 -1.044379696249961853e-01 3.144731044769287109e+00 7.415381819009780884e-02 -1.127355918288230896e-01 1.529170870780944824e+00 1.751773357391357422e+00 2.222191095352172852e+00 6.111655712127685547e+00 4.562092304229736328e+00
9.902465343475341797e-01 1.113592743873596191e+00 -1.332116127014160156e-01 -1.047025620937347412e-01 3.151984691619873047e+00 7.605081051588058472e-02 -1.129670664668083191e-01 1.536433339118957520e+00 1.754496097564697266e+00 2.232943296432495117e+00 6.128101825714111328e+00 4.579399108886718750e+00
9.891725182533264160e-01 1.115686297416687012e+00 -1.335409283638000488e-01 -1.049667149782180786e-01 3.159232139587402344e+00 7.794763892889022827e-02 -1.131982207298278809e-01 1.543687224388122559e+00 1.757208466529846191e+00 2.243694543838500977e+00 6.144527912139892578e+00 4.596691608428955078e+00
9.881032109260559082e-01 1.117789149284362793e+00 -1.338706016540527344e-01 -1.052313223481178284e-01 3.166486263275146484e+00 7.984449714422225952e-02 -1.134296953678131104e-01 1.550949692726135254e+00 1.759931325912475586e+00 2.254447460174560547e+00 6.160973548889160156e+00 4.613998889923095703e+00
9.870294928550720215e-01 1.119882583618164062e+00 -1.341999471187591553e-01 -1.054955050349235535e-01 3.173734188079833984e+00 8.174150437116622925e-02 -1.136608794331550598e-01 1.558204054832458496e+00 1.762643814086914062e+00 2.265198945999145508e+00 6.177400588989257812e+00 4.631292819976806641e+00
9.859603047370910645e-01 1.121985197067260742e+00 -1.345296055078506470e-01 -1.057600975036621094e-01 3.180988550186157227e+00 8.363828808069229126e-02 -1.138923540711402893e-01 1.565466284751892090e+00 1.765366792678833008e+00 2.275951623916625977e+00 6.193846702575683594e+00 4.648599624633789062e+00
9.848861694335937500e-01 1.124078750610351562e+00 -1.348589360713958740e-01 -1.060242801904678345e-01 3.188236236572265625e+00 8.553507179021835327e-02 -1.141235157847404480e-01 1.572720170021057129e+00 1.768079042434692383e+00 2.286703348159790039e+00 6.210272789001464844e+00 4.665893077850341797e+00
9.841252565383911133e-01 1.126470446586608887e+00 -1.352001130580902100e-01 -1.062954664230346680e-01 3.195938825607299805e+00 8.701632171869277954e-02 -1.143676713109016418e-01 1.579605698585510254e+00 1.771147966384887695e+00 2.297097444534301758e+00 6.226902961730957031e+00 4.682669639587402344e+00
9.833826422691345215e-01 1.128875136375427246e+00 -1.355418115854263306e-01 -1.065667048096656799e-01 3.203669548034667969e+00 8.846505731344223022e-02 -1.146124526858329773e-01 1.586453318595886230e+00 1.774232506752014160e+00 2.307462453842163086e+00 6.243527412414550781e+00 4.699389934539794922e+00
9.825119376182556152e-01 1.130880713462829590e+00 -1.358553022146224976e-01 -1.068110316991806030e-01 3.210805416107177734e+00 8.986673504114151001e-02 -1.148342117667198181e-01 1.592721104621887207e+00 1.776831984519958496e+00 2.317305088043212891e+00 6.258744239807128906e+00 4.714890480041503906e+00
9.813352227210998535e-01 1.132214426994323730e+00 -1.361317634582519531e-01 -1.070168688893318176e-01 3.217183113098144531e+00 9.126041084527969360e-02 -1.150237619876861572e-01 1.598226666450500488e+00 1.778627872467041016e+00 2.326696395874023438e+00 6.272086620330810547e+00 4.728910923004150391e+00
9.801544547080993652e-01 1.133540511131286621e+00 -1.364079862833023071e-01 -1.072224229574203491e-01 3.223556756973266602e+00 9.265496581792831421e-02 -1.152130961418151855e-01 1.603727698326110840e+00 1.780415534973144531e+00 2.336088895797729492e+00 6.285416603088378906e+00 4.742924213409423828e+00
9.789775609970092773e-01 1.134873509407043457e+00 -1.366844326257705688e-01 -1.074282228946685791e-01 3.229934692382812500e+00 9.404843300580978394e-02 -1.154026314616203308e-01 1.609232544898986816e+00 1.782211065292358398e+00 2.345479965209960938e+00 6.298758506774902344e+00 4.756943225860595703e+00
9.777966141700744629e-01 1.136199831962585449e+00 -1.369606703519821167e-01 -1.076337695121765137e-01 3.236308574676513672e+00 9.544297307729721069e-02 -1.155919805169105530e-01 1.614733815193176270e+00 1.783998966217041016e+00 2.354873180389404297e+00 6.312089443206787109e+00 4.770957469940185547e+00
9.766197204589843750e-01 1.137532472610473633e+00 -1.372371762990951538e-01 -1.078396365046501160e-01 3.242687702178955078e+00 9.683678299188613892e-02 -1.157815679907798767e-01 1.620239853858947754e+00 1.785794854164123535e+00 2.364265918731689453e+00 6.325433731079101562e+00 4.784979343414306641e+00
9.754330515861511230e-01 1.138856887817382812e+00 -1.375139653682708740e-01 -1.080454960465431213e-01 3.249071359634399414e+00 9.823272377252578735e-02 -1.159712597727775574e-01 1.625752329826354980e+00 1.787583231925964355e+00 2.373677253723144531e+00 6.338782310485839844e+00 4.799016475677490234e+00
9.742507338523864746e-01 1.140187978744506836e+00 -1.377909779548645020e-01 -1.082516536116600037e-01 3.255459308624267578e+00 9.962760657072067261e-02 -1.161611750721931458e-01 1.631269216537475586e+00 1.789379358291625977e+00 2.383087396621704102e+00 6.352143287658691406e+00 4.813061237335205078e+00
9.727247357368469238e-01 1.141159415245056152e+00 -1.380809545516967773e-01 -1.084578335285186768e-01 3.262271642684936523e+00 1.011998131871223450e-01 -1.163557469844818115e-01 1.636911273002624512e+00 1.790807008743286133e+00 2.393513441085815430e+00 6.366060256958007812e+00 4.827981472015380859e+00
9.711430668830871582e-01 1.142048478126525879e+00 -1.383716911077499390e-01 -1.086625084280967712e-01 3.269133090972900391e+00 1.027954593300819397e-01 -1.165500208735466003e-01 1.642528295516967773e+00 1.792146921157836914e+00 2.404079675674438477e+00 6.380000114440917969e+00 4.842974185943603516e+00
9.695172905921936035e-01 1.142919301986694336e+00 -1.386659592390060425e-01 -1.088690832257270813e-01 3.276082277297973633e+00 1.044207587838172913e-01 -1.167463287711143494e-01 1.648214578628540039e+00 1.793472051620483398e+00 2.414816617965698242e+00 6.394104957580566406e+00 4.858171463012695312e+00
9.678867459297180176e-01 1.143782496452331543e+00 -1.389600336551666260e-01 -1.090753749012947083e-01 3.283027172088623047e+00 1.060469076037406921e-01 -1.169424429535865784e-01 1.653896927833557129e+00 1.794788837432861328e+00 2.425556421279907227e+00 6.408198356628417969e+00 4.873364925384521484e+00
9.662401080131530762e-01 1.144669890403747559e+00 -1.392550319433212280e-01 -1.092824637889862061e-01 3.289994239807128906e+00 1.076862439513206482e-01 -1.171386316418647766e-01 1.659603953361511230e+00 1.796119093894958496e+00 2.436355829238891602e+00 6.422342300415039062e+00 4.888620853424072266e+00
9.646021723747253418e-01 1.145601391792297363e+00 -1.395474076271057129e-01 -1.094883158802986145e-01 3.296894073486328125e+00 1.093358770012855530e-01 -1.173320710659027100e-01 1.665279388427734375e+00 1.797471761703491211e+00 2.447102308273315430e+00 6.436387062072753906e+00 4.903783321380615234e+00
9.629740118980407715e-01 1.146542191505432129e+00 -1.398396044969558716e-01 -1.096942722797393799e-01 3.303788423538208008e+00 1.109824553132057190e-01 -1.175255402922630310e-01 1.670952320098876953e+00 1.798834919929504395e+00 2.457828998565673828e+00 6.450427055358886719e+00 4.918932437896728516e+00
9.613373875617980957e-01 1.147476196289062500e+00 -1.401318460702896118e-01 -1.099001467227935791e-01 3.310682296752929688e+00 1.126336231827735901e-01 -1.177189126610755920e-01 1.676630854606628418e+00 1.800190448760986328e+00 2.468569993972778320e+00 6.464468479156494141e+00 4.934094429016113281e+00
9.595866203308105469e-01 1.148422837257385254e+00 -1.404307782649993896e-01 -1.101117432117462158e-01 3.317658901214599609e+00 1.143871173262596130e-01 -1.179155781865119934e-01 1.682581067085266113e+00 1.801568031311035156e+00 2.479643583297729492e+00 6.478837013244628906e+00 4.949761390686035156e+00
9.578308463096618652e-01 1.149362206459045410e+00 -1.407294571399688721e-01 -1.103230193257331848e-01 3.324630737304687500e+00 1.161412671208381653e-01 -1.181119903922080994e-01 1.688526749610900879e+00 1.802937507629394531e+00 2.490717649459838867e+00 6.493192672729492188e+00 4.965420722961425781e+00
9.561247229576110840e-01 1.150325894355773926e+00 -1.410248130559921265e-01 -1.105326116085052490e-01 3.331520557403564453e+00 1.178639829158782959e-01 -1.183066144585609436e-01 1.694405317306518555e+00 1.804328560829162598e+00 2.501619100570678711e+00 6.507393836975097656e+00 4.980878353118896484e+00
9.543737769126892090e-01 1.151272535324096680e+00 -1.413237005472183228e-01 -1.107441708445549011e-01 3.338496685028076172e+00 1.196171343326568604e-01 -1.185032650828361511e-01 1.700354576110839844e+00 1.805706024169921875e+00 2.512691259384155273e+00 6.521761417388916016e+00 4.996543407440185547e+00
9.526244997978210449e-01 1.152217030525207520e+00 -1.416210979223251343e-01 -1.109546571969985962e-01 3.345441102981567383e+00 1.213577017188072205e-01 -1.186988800764083862e-01 1.706277132034301758e+00 1.807073593139648438e+00 2.523710012435913086e+00 6.536056995391845703e+00 5.012128353118896484e+00
9.508909583091735840e-01 1.153160810470581055e+00 -1.419099718332290649e-01 -1.111592873930931091e-01 3.352207183837890625e+00 1.230234429240226746e-01 -1.188889294862747192e-01 1.712045192718505859e+00 1.808397293090820312e+00 2.534413099288940430e+00 6.549953460693359375e+00 5.027253627777099609e+00
9.492025971412658691e-01 1.154181718826293945e+00 -1.422012150287628174e-01 -1.113669574260711670e-01 3.359019756317138672e+00 1.246789321303367615e-01 -1.190813109278678894e-01 1.717858076095581055e+00 1.809806108474731445e+00 2.545104265213012695e+00 6.563977241516113281e+00 5.042448520660400391e+00
9.474772810935974121e-01 1.155130267143249512e+00 -1.424889117479324341e-01 -1.115709096193313599e-01 3.365754604339599609e+00 1.263380050659179688e-01 -1.192705705761909485e-01 1.723607420921325684e+00 1.811131477355957031e+00 2.555760145187377930e+00 6.577818393707275391e+00 5.057512760162353516e+00
9.458155632019042969e-01 1.156167745590209961e+00 -1.427763849496841431e-01 -1.117764711380004883e-01 3.372471570968627930e+00 1.279725432395935059e-01 -1.194603964686393738e-01 1.729362010955810547e+00 1.812547206878662109e+00 2.566301107406616211e+00 6.591669082641601562e+00 5.072515010833740234e+00
9.441090226173400879e-01 1.157128810882568359e+00 -1.430613994598388672e-01 -1.119789481163024902e-01 3.379137992858886719e+00 1.296169012784957886e-01 -1.196478456258773804e-01 1.735070943832397461e+00 1.813877582550048828e+00 2.576849699020385742e+00 6.605388164520263672e+00 5.087442874908447266e+00
9.424275755882263184e-01 1.158162474632263184e+00 -1.433491855859756470e-01 -1.121848672628402710e-01 3.385840892791748047e+00 1.312614679336547852e-01 -1.198376268148422241e-01 1.740859627723693848e+00 1.815293312072753906e+00 2.587413072586059570e+00 6.619238853454589844e+00 5.102481365203857422e+00
9.405696988105773926e-01 1.159112095832824707e+00 -1.436343789100646973e-01 -1.123893931508064270e-01 3.392293930053710938e+00 1.329808980226516724e-01 -1.200228929519653320e-01 1.746853590011596680e+00 1.816647171974182129e+00 2.598031759262084961e+00 6.632825374603271484e+00 5.117590427398681641e+00
9.389435648918151855e-01 1.160381555557250977e+00 -1.439230889081954956e-01 -1.126026287674903870e-01 3.398783445358276367e+00 1.346188634634017944e-01 -1.202137619256973267e-01 1.752924799919128418e+00 1.818347930908203125e+00 2.608348131179809570e+00 6.646633625030517578e+00 5.132655143737792969e+00
9.377294778823852539e-01 1.162083983421325684e+00 -1.442054212093353271e-01 -1.128203496336936951e-01 3.405062913894653320e+00 1.360685527324676514e-01 -1.204052492976188660e-01 1.758868813514709473e+00 1.820503473281860352e+00 2.617791414260864258e+00 6.660214424133300781e+00 5.147044181823730469e+00
9.363256692886352539e-01 1.163855195045471191e+00 -1.444835960865020752e-01 -1.130337044596672058e-01 3.411328554153442383e+00 1.374091506004333496e-01 -1.205914691090583801e-01 1.764746427536010742e+00 1.822574138641357422e+00 2.627222061157226562e+00 6.673549652099609375e+00 5.161148548126220703e+00
9.343212842941284180e-01 1.165918707847595215e+00 -1.447504609823226929e-01 -1.132355034351348877e-01 3.417596817016601562e+00 1.383814513683319092e-01 -1.207623854279518127e-01 1.770455002784729004e+00 1.824434995651245117e+00 2.636621952056884766e+00 6.686194419860839844e+00 5.174392700195312500e+00
9.322958588600158691e-01 1.167911648750305176e+00 -1.450149565935134888e-01 -1.134345382452011108e-01 3.423814773559570312e+00 1.393643915653228760e-01 -1.209312826395034790e-01 1.776113510131835938e+00 1.826226234436035156e+00 2.646008729934692383e+00 6.698719024658203125e+00 5.187560558319091797e+00
9.302967190742492676e-01 1.169974207878112793e+00 -1.452818661928176880e-01 -1.136363744735717773e-01 3.430084705352783203e+00 1.403365433216094971e-01 -1.211022958159446716e-01 1.781819105148315430e+00 1.828088998794555664e+00 2.655405282974243164e+00 6.711366176605224609e+00 5.200803756713867188e+00
9.282576441764831543e-01 1.171860575675964355e+00 -1.455472111701965332e-01 -1.138342171907424927e-01 3.436308860778808594e+00 1.413359940052032471e-01 -1.212716624140739441e-01 1.787454724311828613e+00 1.829816699028015137e+00 2.664856195449829102e+00 6.723865509033203125e+00 5.214007854461669922e+00
9.259886145591735840e-01 1.173446536064147949e+00 -1.458178162574768066e-01 -1.140295937657356262e-01 3.442599296569824219e+00 1.423924565315246582e-01 -1.214419156312942505e-01 1.793157219886779785e+00 1.831308722496032715e+00 2.674738645553588867e+00 6.736353874206542969e+00 5.227506160736083984e+00
9.240273237228393555e-01 1.175059914588928223e+00 -1.460857987403869629e-01 -1.142187342047691345e-01 3.448504447937011719e+00 1.433425545692443848e-01 -1.216129437088966370e-01 1.798547029495239258e+00 1.832747697830200195e+00 2.684871912002563477e+00 6.749130249023437500e+00 5.241220474243164062e+00
9.225668311119079590e-01 1.176761865615844727e+00 -1.463561654090881348e-01 -1.144113764166831970e-01 3.454243421554565430e+00 1.442450881004333496e-01 -1.217930838465690613e-01 1.803802132606506348e+00 1.834352016448974609e+00 2.694916486740112305e+00 6.762434959411621094e+00 5.255217552185058594e+00
9.211079478263854980e-01 1.178395152091979980e+00 -1.466243565082550049e-01 -1.146011054515838623e-01 3.459911346435546875e+00 1.451522111892700195e-01 -1.219715774059295654e-01 1.808992147445678711e+00 1.835885763168334961e+00 2.704972028732299805e+00 6.775656700134277344e+00 5.269169807434082031e+00
9.196488857269287109e-01 1.180027961730957031e+00 -1.468925327062606812e-01 -1.147908270359039307e-01 3.465579509735107422e+00 1.460599899291992188e-01 -1.221500933170318604e-01 1.814182877540588379e+00 1.837419509887695312e+00 2.715029716491699219e+00 6.788879394531250000e+00 5.283123970031738281e+00
9.181949496269226074e-01 1.181728482246398926e+00 -1.471627950668334961e-01 -1.149835288524627686e-01 3.471318960189819336e+00 1.469635367393493652e-01 -1.223302930593490601e-01 1.819437265396118164e+00 1.839027404785156250e+00 2.725054502487182617e+00 6.802177429199218750e+00 5.297108173370361328e+00
9.167360663414001465e-01 1.183361887931823730e+00 -1.474309712648391724e-01 -1.151732504367828369e-01 3.476986646652221680e+00 1.478709429502487183e-01 -1.225087866187095642e-01 1.824627518653869629e+00 1.840560913085937500e+00 2.735111474990844727e+00 6.815398693084716797e+00 5.311061859130859375e+00
9.152819514274597168e-01 1.185062170028686523e+00 -1.477012187242507935e-01 -1.153659448027610779e-01 3.482725620269775391e+00 1.487745344638824463e-01 -1.226889714598655701e-01 1.829881906509399414e+00 1.842169046401977539e+00 2.745135545730590820e+00 6.828696250915527344e+00 5.325045585632324219e+00
9.138231873512268066e-01 1.186695218086242676e+00 -1.479693651199340820e-01 -1.155556440353393555e-01 3.488393306732177734e+00 1.496819108724594116e-01 -1.228674501180648804e-01 1.835071682929992676e+00 1.843702316284179688e+00 2.755191564559936523e+00 6.841917037963867188e+00 5.338997364044189453e+00
9.123689532279968262e-01 1.188395500183105469e+00 -1.482396125793457031e-01 -1.157483682036399841e-01 3.494132757186889648e+00 1.505855619907379150e-01 -1.230476647615432739e-01 1.840326547622680664e+00 1.845310449600219727e+00 2.765216588973999023e+00 6.855214595794677734e+00 5.352982997894287109e+00
9.109341502189636230e-01 1.190037846565246582e+00 -1.485048383474349976e-01 -1.159367263317108154e-01 3.499751567840576172e+00 1.514775454998016357e-01 -1.232243478298187256e-01 1.845471262931823730e+00 1.846857547760009766e+00 2.775108814239501953e+00 6.868277549743652344e+00 5.366744518280029297e+00
9.094795584678649902e-01 1.191737771034240723e+00 -1.487750709056854248e-01 -1.161294132471084595e-01 3.505491256713867188e+00 1.523812860250473022e-01 -1.234045475721359253e-01 1.850725769996643066e+00 1.848464965820312500e+00 2.785133600234985352e+00 6.881574630737304688e+00 5.380728244781494141e+00
9.080209136009216309e-01 1.193370580673217773e+00 -1.490432471036911011e-01 -1.163191422820091248e-01 3.511158704757690430e+00 1.532887518405914307e-01 -1.235830411314964294e-01 1.855916023254394531e+00 1.849998831748962402e+00 2.795189857482910156e+00 6.894796371459960938e+00 5.394681930541992188e+00
9.065621495246887207e-01 1.195003628730773926e+00 -1.493114084005355835e-01 -1.165088415145874023e-01 3.516826152801513672e+00 1.541960537433624268e-01 -1.237615048885345459e-01 1.861105918884277344e+00 1.851532101631164551e+00 2.805245637893676758e+00 6.908017158508300781e+00 5.408632755279541016e+00
9.051082730293273926e-01 1.196704030036926270e+00 -1.495816707611083984e-01 -1.167015656828880310e-01 3.522565364837646484e+00 1.550998687744140625e-01 -1.239417269825935364e-01 1.866360902786254883e+00 1.853139877319335938e+00 2.815270900726318359e+00 6.921315193176269531e+00 5.422619342803955078e+00
9.036490321159362793e-01 1.198337674140930176e+00 -1.498498469591140747e-01 -1.168912872672080994e-01 3.528234004974365234e+00 1.560071706771850586e-01 -1.241202130913734436e-01 1.871551513671875000e+00 1.854673981666564941e+00 2.825327396392822266e+00 6.934536933898925781e+00 5.436571598052978516e+00
9.021948575973510742e-01 1.200037479400634766e+00 -1.501201093196868896e-01 -1.170839741826057434e-01 3.533973217010498047e+00 1.569109857082366943e-01 -1.243004202842712402e-01 1.876805663108825684e+00 1.856281518936157227e+00 2.835352659225463867e+00 6.947834014892578125e+00 5.450556755065917969e+00
9.005787968635559082e-01 1.201683521270751953e+00 -1.503905951976776123e-01 -1.172756329178810120e-01 3.539731979370117188e+00 1.578519940376281738e-01 -1.244786828756332397e-01 1.882138371467590332e+00 1.857795238494873047e+00 2.845554113388061523e+00 6.961107730865478516e+00 5.464649677276611328e+00
8.985033631324768066e-01 1.203443646430969238e+00 -1.506700217723846436e-01 -1.174757480621337891e-01 3.545834541320800781e+00 1.588820666074752808e-01 -1.246577650308609009e-01 1.887937426567077637e+00 1.859323382377624512e+00 2.856167078018188477e+00 6.974611282348632812e+00 5.479180812835693359e+00
8.964554667472839355e-01 1.205144524574279785e+00 -1.509442776441574097e-01 -1.176714077591896057e-01 3.551811218261718750e+00 1.598988175392150879e-01 -1.248333081603050232e-01 1.893619537353515625e+00 1.860791921615600586e+00 2.866637945175170898e+00 6.987875938415527344e+00 5.493479728698730469e+00
8.943802714347839355e-01 1.206904768943786621e+00 -1.512237191200256348e-01 -1.178715005517005920e-01 3.557913303375244141e+00 1.609286069869995117e-01 -1.250123679637908936e-01 1.899418354034423828e+00 1.862320423126220703e+00 2.877251386642456055e+00 7.001379489898681641e+00 5.508010387420654297e+00
8.923043608665466309e-01 1.208598732948303223e+00 -1.515013873577117920e-01 -1.180687844753265381e-01 3.563937187194824219e+00 1.619617342948913574e-01 -1.251900494098663330e-01 1.905159473419189453e+00 1.863774061203002930e+00 2.887917280197143555e+00 7.014834403991699219e+00 5.522542476654052734e+00
8.903484344482421875e-01 1.210322499275207520e+00 -1.517807543277740479e-01 -1.182650253176689148e-01 3.569921493530273438e+00 1.629577726125717163e-01 -1.253695040941238403e-01 1.910771965980529785e+00 1.865225195884704590e+00 2.898774385452270508e+00 7.028513908386230469e+00 5.537233829498291016e+00
8.884680867195129395e-01 1.212131381034851074e+00 -1.520626395940780640e-01 -1.184631809592247009e-01 3.575967311859130859e+00 1.639264672994613647e-01 -1.255511641502380371e-01 1.916346788406372070e+00 1.866749048233032227e+00 2.909684181213378906e+00 7.042362213134765625e+00 5.551995754241943359e+00
8.865743875503540039e-01 1.213872075080871582e+00 -1.523424535989761353e-01 -1.186584904789924622e-01 3.581943988800048828e+00 1.649016737937927246e-01 -1.257310509681701660e-01 1.921868681907653809e+00 1.868198871612548828e+00 2.920620679855346680e+00 7.056127548217773438e+00 5.566724777221679688e+00
8.846940398216247559e-01 1.215680956840515137e+00 -1.526243537664413452e-01 -1.188566535711288452e-01 3.587989807128906250e+00 1.658704876899719238e-01 -1.259126961231231689e-01 1.927443623542785645e+00 1.869722843170166016e+00 2.931530952453613281e+00 7.069975852966308594e+00 5.581487178802490234e+00
8.828006982803344727e-01 1.217421174049377441e+00 -1.529041677713394165e-01 -1.190519481897354126e-01 3.593966245651245117e+00 1.668456494808197021e-01 -1.260925680398941040e-01 1.932964444160461426e+00 1.871172070503234863e+00 2.942467927932739258e+00 7.083740234375000000e+00 5.596216201782226562e+00
8.812614083290100098e-01 1.219132781028747559e+00 -1.531788259744644165e-01 -1.192438825964927673e-01 3.599938869476318359e+00 1.677991449832916260e-01 -1.262716799974441528e-01 1.938105702400207520e+00 1.872731566429138184e+00 2.952918291091918945e+00 7.097234725952148438e+00 5.610402584075927734e+00
8.798452019691467285e-01 1.220755457878112793e+00 -1.534461230039596558e-01 -1.194295957684516907e-01 3.605765819549560547e+00 1.687368452548980713e-01 -1.264464408159255981e-01 1.943007826805114746e+00 1.874242544174194336e+00 2.963082313537597656e+00 7.110376834869384766e+00 5.624181270599365234e+00
8.784182667732238770e-01 1.222434282302856445e+00 -1.537183672189712524e-01 -1.196194440126419067e-01 3.611714363098144531e+00 1.696853339672088623e-01 -1.266246885061264038e-01 1.948005080223083496e+00 1.875813722610473633e+00 2.973380327224731445e+00 7.123752593994140625e+00 5.638176441192626953e+00
8.769708871841430664e-01 1.224047660827636719e+00 -1.539887189865112305e-01 -1.198065951466560364e-01 3.617594957351684570e+00 1.706403642892837524e-01 -1.268012374639511108e-01 1.952958941459655762e+00 1.877310037612915039e+00 2.983714342117309570e+00 7.137053489685058594e+00 5.652150154113769531e+00
8.755229115486145020e-01 1.225660920143127441e+00 -1.542591005563735962e-01 -1.199937388300895691e-01 3.623476266860961914e+00 1.715956330299377441e-01 -1.269778162240982056e-01 1.957913041114807129e+00 1.878805875778198242e+00 2.994051694869995117e+00 7.150357723236083984e+00 5.666129112243652344e+00
8.740958571434020996e-01 1.227340340614318848e+00 -1.545314043760299683e-01 -1.201836094260215759e-01 3.629424333572387695e+00 1.725442409515380859e-01 -1.271560639142990112e-01 1.962911128997802734e+00 1.880377411842346191e+00 3.004349946975708008e+00 7.163733959197998047e+00 5.680124282836914062e+00
8.726478815078735352e-01 1.228954076766967773e+00 -1.548017412424087524e-01 -1.203707605600357056e-01 3.635306119918823242e+00 1.734992116689682007e-01 -1.273326128721237183e-01 1.967865228652954102e+00 1.881873607635498047e+00 3.014685392379760742e+00 7.177036285400390625e+00 5.694100379943847656e+00
8.712211251258850098e-01 1.230633854866027832e+00 -1.550740301609039307e-01 -1.205606311559677124e-01 3.641254901885986328e+00 1.744477450847625732e-01 -1.275108903646469116e-01 1.972862839698791504e+00 1.883445024490356445e+00 3.024983644485473633e+00 7.190412521362304688e+00 5.708096981048583984e+00
8.697732686996459961e-01 1.232246756553649902e+00 -1.553444117307662964e-01 -1.207477897405624390e-01 3.647135972976684570e+00 1.754028350114822388e-01 -1.276874393224716187e-01 1.977816939353942871e+00 1.884941220283508301e+00 3.035320043563842773e+00 7.203716278076171875e+00 5.722073078155517578e+00
8.683465719223022461e-01 1.233926892280578613e+00 -1.556166559457778931e-01 -1.209376528859138489e-01 3.653084278106689453e+00 1.763512194156646729e-01 -1.278656870126724243e-01 1.982814311981201172e+00 1.886512756347656250e+00 3.045617341995239258e+00 7.217092514038085938e+00 5.736068248748779297e+00
8.669307231903076172e-01 1.235548377037048340e+00 -1.558839231729507446e-01 -1.211233362555503845e-01 3.658910751342773438e+00 1.772887706756591797e-01 -1.280404478311538696e-01 1.987715840339660645e+00 1.888023376464843750e+00 3.055780649185180664e+00 7.230233192443847656e+00 5.749845504760742188e+00
8.655288219451904297e-01 1.237234234809875488e+00 -1.561523079872131348e-01 -1.213112398982048035e-01 3.664818286895751953e+00 1.782061457633972168e-01 -1.282164752483367920e-01 1.992640256881713867e+00 1.889603495597839355e+00 3.065849542617797852e+00 7.243393898010253906e+00 5.763561725616455078e+00
8.641290068626403809e-01 1.238858461380004883e+00 -1.564153134822845459e-01 -1.214946508407592773e-01 3.670622587203979492e+00 1.791020333766937256e-01 -1.283888071775436401e-01 1.997454285621643066e+00 1.891115427017211914e+00 3.075751066207885742e+00 7.256287097930908203e+00 5.777008056640625000e+00
8.627501130104064941e-01 1.240548968315124512e+00 -1.566801369190216064e-01 -1.216807141900062561e-01 3.676493167877197266e+00 1.799907684326171875e-01 -1.285627931356430054e-01 2.002310514450073242e+00 1.892702341079711914e+00 3.085612058639526367e+00 7.269251346588134766e+00 5.790469646453857422e+00
8.613502383232116699e-01 1.242172598838806152e+00 -1.569431275129318237e-01 -1.218641325831413269e-01 3.682297706604003906e+00 1.808868646621704102e-01 -1.287351399660110474e-01 2.007124900817871094e+00 1.894214153289794922e+00 3.095515012741088867e+00 7.282145023345947266e+00 5.803917407989501953e+00
8.599500060081481934e-01 1.243796110153198242e+00 -1.572061330080032349e-01 -1.220475286245346069e-01 3.688101530075073242e+00 1.817829012870788574e-01 -1.289074867963790894e-01 2.011939287185668945e+00 1.895725488662719727e+00 3.105417490005493164e+00 7.295037269592285156e+00 5.817364215850830078e+00
8.585711717605590820e-01 1.245487332344055176e+00 -1.574709713459014893e-01 -1.222336441278457642e-01 3.693972587585449219e+00 1.826717108488082886e-01 -1.290814876556396484e-01 2.016796112060546875e+00 1.897313117980957031e+00 3.115279197692871094e+00 7.308002948760986328e+00 5.830827236175537109e+00
8.576492071151733398e-01 1.247047305107116699e+00 -1.577277779579162598e-01 -1.224137470126152039e-01 3.699711799621582031e+00 1.835273951292037964e-01 -1.292554885149002075e-01 2.021207332611083984e+00 1.898937940597534180e+00 3.124551296234130859e+00 7.320673465728759766e+00 5.843705654144287109e+00
8.569477200508117676e-01 1.248649954795837402e+00 -1.579836457967758179e-01 -1.225949823856353760e-01 3.705498695373535156e+00 1.843515336513519287e-01 -1.294317096471786499e-01 2.025480031967163086e+00 1.900684714317321777e+00 3.133504629135131836e+00 7.333305835723876953e+00 5.856331825256347656e+00
8.562416434288024902e-01 1.250197052955627441e+00 -1.582347899675369263e-01 -1.227721944451332092e-01 3.711165428161621094e+00 1.851673722267150879e-01 -1.296044439077377319e-01 2.029671669006347656e+00 1.902367115020751953e+00 3.142349481582641602e+00 7.345715522766113281e+00 5.868766784667968750e+00
8.555396795272827148e-01 1.251799345016479492e+00 -1.584906131029129028e-01 -1.229534000158309937e-01 3.716951370239257812e+00 1.859916150569915771e-01 -1.297806501388549805e-01 2.033943653106689453e+00 1.904113769531250000e+00 3.151302099227905273e+00 7.358346462249755859e+00 5.881392002105712891e+00
8.548324704170227051e-01 1.253333330154418945e+00 -1.587439328432083130e-01 -1.231318637728691101e-01 3.722656965255737305e+00 1.868170201778411865e-01 -1.299550831317901611e-01 2.038168191909790039e+00 1.905796766281127930e+00 3.160222291946411133e+00 7.370855808258056641e+00 5.893938541412353516e+00
