-5.465022563934326172e+00 6.884063482284545898e-01 4.583992660045623779e-01
-5.356111526489257812e+00 1.166506290435791016e+00 3.857790231704711914e-01
-5.207876205444335938e+00 1.641354084014892578e+00 3.135842084884643555e-01
-5.022828578948974609e+00 2.107050418853759766e+00 2.446918189525604248e-01
-4.804518699645996094e+00 2.552939414978027344e+00 1.813738644123077393e-01
-4.484798431396484375e+00 3.060210227966308594e+00 1.156794428825378418e-01
-4.010551452636718750e+00 3.650214195251464844e+00 3.964507579803466797e-02
-3.458253622055053711e+00 4.197144985198974609e+00 -3.299760818481445312e-02
-2.948049545288085938e+00 4.553973674774169922e+00 -6.832605600357055664e-02
-2.433378458023071289e+00 4.834269046783447266e+00 -9.657117724418640137e-02
-1.894038200378417969e+00 5.072599411010742188e+00 -1.278699338436126709e-01
-1.329801321029663086e+00 5.265903472900390625e+00 -1.630130112171173096e-01
-7.231522798538208008e-01 5.401646614074707031e+00 -1.736885309219360352e-01
-7.109022140502929688e-02 5.469499111175537109e+00 -1.478570699691772461e-01
5.393562316894531250e-01 5.478906631469726562e+00 -1.236600875854492188e-01
1.047271728515625000e+00 5.427874565124511719e+00 -1.010360717773437500e-01
1.551774024963378906e+00 5.337342262268066406e+00 -8.151715993881225586e-02
2.047261714935302734e+00 5.206615924835205078e+00 -6.502562761306762695e-02
2.537932634353637695e+00 5.040578842163085938e+00 -5.128800868988037109e-02
3.022317886352539062e+00 4.840241909027099609e+00 -4.004263877868652344e-02
3.495890140533447266e+00 4.604489803314208984e+00 -3.154921531677246094e-02
3.957143068313598633e+00 4.322797775268554688e+00 -2.797734737396240234e-02
4.401562690734863281e+00 3.993494272232055664e+00 -2.967602014541625977e-02
4.824620723724365234e+00 3.627634525299072266e+00 -3.405433893203735352e-02
5.208358764648437500e+00 3.237458467483520508e+00 -3.988069295883178711e-02
5.473892211914062500e+00 2.874423027038574219e+00 -4.659152030944824219e-02
5.711051940917968750e+00 2.517472505569458008e+00 -5.056536197662353516e-02
5.926874160766601562e+00 2.146215438842773438e+00 -5.618476867675781250e-02
6.118377685546875000e+00 1.762962341308593750e+00 -6.323504447937011719e-02
6.272522449493408203e+00 1.368358373641967773e+00 -6.948804855346679688e-02
6.403788089752197266e+00 9.689246416091918945e-01 -7.610231637954711914e-02
6.498254299163818359e+00 5.572544932365417480e-01 -7.506549358367919922e-02
6.562043190002441406e+00 1.411889791488647461e-01 -6.968528032302856445e-02
6.600675582885742188e+00 -2.772240340709686279e-01 -6.317001581192016602e-02
6.613814830780029297e+00 -6.980934739112854004e-01 -5.567520856857299805e-02
6.602553844451904297e+00 -1.116629242897033691e+00 -4.737943410873413086e-02
6.559639930725097656e+00 -1.516170740127563477e+00 -3.366225957870483398e-02
6.498907089233398438e+00 -1.901474952697753906e+00 -1.983761787414550781e-02
6.417055606842041016e+00 -2.285439014434814453e+00 -6.443560123443603516e-03
6.315066814422607422e+00 -2.663598299026489258e+00 6.151676177978515625e-03
6.192858695983886719e+00 -3.035362243652343750e+00 1.767086982727050781e-02
6.051973342895507812e+00 -3.397654294967651367e+00 2.769762277603149414e-02
5.892565727233886719e+00 -3.750610351562500000e+00 3.595751523971557617e-02
5.714657306671142578e+00 -4.094247341156005859e+00 4.212999343872070312e-02
5.520263195037841797e+00 -4.425169944763183594e+00 4.616183042526245117e-02
5.308861255645751953e+00 -4.743902683258056641e+00 4.803872108459472656e-02
5.077601432800292969e+00 -5.051957130432128906e+00 4.611742496490478516e-02
4.829025745391845703e+00 -5.347765445709228516e+00 4.046940803527832031e-02
4.567450046539306641e+00 -5.628102302551269531e+00 3.103154897689819336e-02
4.292754173278808594e+00 -5.893532752990722656e+00 1.744192838668823242e-02
4.012723445892333984e+00 -6.138466358184814453e+00 -4.628300666809082031e-04
3.722684383392333984e+00 -6.368116378784179688e+00 -2.278786897659301758e-02
3.427327632904052734e+00 -6.585449218750000000e+00 -4.056507349014282227e-02
3.131905794143676758e+00 -6.796993255615234375e+00 -8.295482397079467773e-02
2.879718303680419922e+00 -6.976686000823974609e+00 -1.420733332633972168e-01
2.657210350036621094e+00 -7.124725818634033203e+00 -1.710045337677001953e-01
2.429948806762695312e+00 -7.266182422637939453e+00 -2.030718922615051270e-01
2.202717781066894531e+00 -7.414554595947265625e+00 -2.275998592376708984e-01
1.938781619071960449e+00 -7.546285629272460938e+00 -2.088358402252197266e-01
1.642652988433837891e+00 -7.654217720031738281e+00 -1.576834917068481445e-01
1.344919562339782715e+00 -7.750595092773437500e+00 -1.072636842727661133e-01
1.043698549270629883e+00 -7.834632873535156250e+00 -5.747675895690917969e-02
7.321678996086120605e-01 -7.903575897216796875e+00 -8.909344673156738281e-03
4.190638661384582520e-01 -7.957070350646972656e+00 3.503483533859252930e-02
1.049535274505615234e-01 -8.006782531738281250e+00 6.965291500091552734e-02
-2.118577659130096436e-01 -8.040704727172851562e+00 9.921288490295410156e-02
-5.245897173881530762e-01 -8.064273834228515625e+00 1.210811734199523926e-01
-8.522731065750122070e-01 -8.072999954223632812e+00 1.371399164199829102e-01
-1.177038908004760742e+00 -8.067705154418945312e+00 1.462283134460449219e-01
-1.498857975006103516e+00 -8.045759201049804688e+00 1.488161087036132812e-01
-1.815855503082275391e+00 -8.009487152099609375e+00 1.445548534393310547e-01
-2.085468769073486328e+00 -7.999314308166503906e+00 1.489546298980712891e-01
-2.342155933380126953e+00 -7.996326446533203125e+00 1.563189029693603516e-01
-2.604861736297607422e+00 -7.984380722045898438e+00 1.609909534454345703e-01
-2.867675304412841797e+00 -7.963302612304687500e+00 1.613485217094421387e-01
-3.128659009933471680e+00 -7.933598995208740234e+00 1.572955250740051270e-01
-3.388908147811889648e+00 -7.895008087158203125e+00 1.487256884574890137e-01
-3.653224706649780273e+00 -7.848435401916503906e+00 1.362107992172241211e-01
-3.926368713378906250e+00 -7.792952060699462891e+00 1.196537017822265625e-01
-4.196196079254150391e+00 -7.728520393371582031e+00 9.805178642272949219e-02
-4.462175369262695312e+00 -7.666243553161621094e+00 7.425367832183837891e-02
-4.726818084716796875e+00 -7.597090721130371094e+00 4.572916030883789062e-02
-4.991178989410400391e+00 -7.528912544250488281e+00 1.511442661285400391e-02
-5.241934776306152344e+00 -7.440698146820068359e+00 -6.177723407745361328e-03
-5.482995033264160156e+00 -7.336452960968017578e+00 -2.819097042083740234e-02
-5.721933364868164062e+00 -7.222842693328857422e+00 -5.808144807815551758e-02
-5.956784725189208984e+00 -7.100697994232177734e+00 -9.567981958389282227e-02
-6.168510913848876953e+00 -6.969013690948486328e+00 -8.398491144180297852e-02
-6.373670101165771484e+00 -6.837049007415771484e+00 -6.717801094055175781e-02
-6.568667411804199219e+00 -6.726840019226074219e+00 -4.466563463211059570e-02
-6.763641834259033203e+00 -6.608713626861572266e+00 -2.748012542724609375e-02
-6.956169605255126953e+00 -6.483502864837646484e+00 -1.575762033462524414e-02
-7.146925926208496094e+00 -6.350240707397460938e+00 -9.507358074188232422e-03
-7.337049961090087891e+00 -6.206404209136962891e+00 -8.870124816894531250e-03
-7.531078338623046875e+00 -6.043757915496826172e+00 -1.437187194824218750e-02
-7.718470096588134766e+00 -5.877651214599609375e+00 -1.458132266998291016e-02
-7.903239727020263672e+00 -5.726229667663574219e+00 2.195596694946289062e-03
-8.086050987243652344e+00 -5.564009189605712891e+00 1.391482353210449219e-02
-8.261211395263671875e+00 -5.395008563995361328e+00 2.033787965774536133e-02
-8.434091567993164062e+00 -5.219421386718750000e+00 2.435570955276489258e-02
-8.600427627563476562e+00 -5.044225215911865234e+00 3.090488910675048828e-02
-8.760035514831542969e+00 -4.866548061370849609e+00 3.282147645950317383e-02
-8.915487289428710938e+00 -4.682544708251953125e+00 3.067618608474731445e-02
-9.059036254882812500e+00 -4.476359367370605469e+00 4.902011156082153320e-02
-9.189726829528808594e+00 -4.306584358215332031e+00 5.564570426940917969e-02
-9.316679954528808594e+00 -4.132617473602294922e+00 5.673825740814208984e-02
-9.439660072326660156e+00 -3.954255104064941406e+00 5.529373884201049805e-02
-9.558274269104003906e+00 -3.769969940185546875e+00 5.140969157218933105e-02
-9.673239707946777344e+00 -3.581966876983642578e+00 4.501211643218994141e-02
-9.785087585449218750e+00 -3.388096094131469727e+00 3.649803996086120605e-02
-9.893706321716308594e+00 -3.187735080718994141e+00 2.583000063896179199e-02
-9.997405052185058594e+00 -2.983502864837646484e+00 1.280254125595092773e-02
-1.009633350372314453e+01 -2.774193525314331055e+00 -2.577126026153564453e-03
-1.018826103210449219e+01 -2.602504253387451172e+00 -5.620926618576049805e-03
-1.027678489685058594e+01 -2.432976007461547852e+00 -7.835209369659423828e-03
-1.036197662353515625e+01 -2.260792732238769531e+00 -1.127085089683532715e-02
-1.044319343566894531e+01 -2.084649324417114258e+00 -1.584646105766296387e-02
-1.052166080474853516e+01 -1.906309843063354492e+00 -2.161067724227905273e-02
-1.059664249420166016e+01 -1.725008726119995117e+00 -2.848324179649353027e-02
-1.066809749603271484e+01 -1.540253162384033203e+00 -3.642576932907104492e-02
-1.073583412170410156e+01 -1.353267192840576172e+00 -4.537597298622131348e-02
-1.080070972442626953e+01 -1.161632180213928223e+00 -5.509838461875915527e-02
-1.087065982818603516e+01 -9.577894210815429688e-01 -6.610843539237976074e-02
-1.094331169128417969e+01 -7.804283499717712402e-01 -7.221093773841857910e-02
-1.101135730743408203e+01 -6.098222136497497559e-01 -7.463511824607849121e-02
-1.106409740447998047e+01 -4.182329773902893066e-01 -6.273967027664184570e-02
-1.111714649200439453e+01 -2.261041402816772461e-01 -4.975134134292602539e-02
-1.116659164428710938e+01 -3.105479478836059570e-02 -3.706505894660949707e-02
-1.121239089965820312e+01 1.657387018203735352e-01 -2.469775080680847168e-02
-1.125961589813232422e+01 3.475263714790344238e-01 -1.297011971473693848e-02
-1.130405807495117188e+01 5.312588810920715332e-01 -1.468330621719360352e-03
-1.134539794921875000e+01 7.164106965065002441e-01 9.955286979675292969e-03
-1.138352775573730469e+01 9.039634466171264648e-01 2.140641212463378906e-02
-1.141847610473632812e+01 1.092751860618591309e+00 3.286606073379516602e-02
-1.144945526123046875e+01 1.286126017570495605e+00 4.433327913284301758e-02
-1.147790813446044922e+01 1.481430292129516602e+00 5.591043829917907715e-02
-1.150270938873291016e+01 1.678908705711364746e+00 6.763893365859985352e-02
-1.152411460876464844e+01 1.877408266067504883e+00 7.958906888961791992e-02
-1.154200553894042969e+01 2.077399253845214844e+00 9.182983636856079102e-02
-1.155623435974121094e+01 2.279366493225097656e+00 1.044557094573974609e-01
-1.157140445709228516e+01 2.481642007827758789e+00 1.207297146320343018e-01
-1.160197830200195312e+01 2.660895109176635742e+00 1.274510324001312256e-01
-1.164939212799072266e+01 2.798132896423339844e+00 1.158932149410247803e-01
-1.167339897155761719e+01 2.952799558639526367e+00 1.007273197174072266e-01
-1.167606639862060547e+01 3.131008863449096680e+00 8.432275056838989258e-02
-1.167631149291992188e+01 3.309755563735961914e+00 6.815260648727416992e-02
-1.168567562103271484e+01 3.471973419189453125e+00 6.168121099472045898e-02
-1.168502807617187500e+01 3.636825561523437500e+00 4.960656166076660156e-02
-1.168082809448242188e+01 3.803157567977905273e+00 3.682178258895874023e-02
-1.167451858520507812e+01 3.969688892364501953e+00 2.438038587570190430e-02
-1.166798305511474609e+01 4.137649059295654297e+00 1.248985528945922852e-02
-1.165934181213378906e+01 4.305805206298828125e+00 1.038074493408203125e-03
-1.164694213867187500e+01 4.476190567016601562e+00 -9.695023298263549805e-03
-1.163291549682617188e+01 4.646366119384765625e+00 -1.401054859161376953e-02
-1.161926651000976562e+01 4.800453186035156250e+00 -8.399128913879394531e-03
-1.160097694396972656e+01 4.953130245208740234e+00 -3.616124391555786133e-03
-1.158069610595703125e+01 5.106514453887939453e+00 1.490056514739990234e-03
-1.156035232543945312e+01 5.261395454406738281e+00 4.344731569290161133e-03
-1.153818893432617188e+01 5.416631698608398438e+00 7.484912872314453125e-03
-1.151397323608398438e+01 5.572560787200927734e+00 1.098048686981201172e-02
-1.148809909820556641e+01 5.728365898132324219e+00 1.485347747802734375e-02
-1.145957469940185547e+01 5.884380817413330078e+00 1.910030841827392578e-02
-1.143041324615478516e+01 6.040644645690917969e+00 2.394032478332519531e-02
-1.139951705932617188e+01 6.197535037994384766e+00 2.936190366744995117e-02
-1.136697196960449219e+01 6.354195117950439453e+00 3.524720668792724609e-02
-1.133223152160644531e+01 6.511712074279785156e+00 4.171323776245117188e-02
-1.129580211639404297e+01 6.669069766998291016e+00 4.870486259460449219e-02
-1.125749588012695312e+01 6.826521873474121094e+00 5.622434616088867188e-02
-1.121707153320312500e+01 6.984444618225097656e+00 6.431823968887329102e-02
-1.117502880096435547e+01 7.142015933990478516e+00 7.295411825180053711e-02
-1.113031101226806641e+01 7.299514293670654297e+00 8.211395144462585449e-02
-1.108829212188720703e+01 7.450848102569580078e+00 9.102714061737060547e-02
-1.104985427856445312e+01 7.592817306518554688e+00 9.886878728866577148e-02
-1.101174354553222656e+01 7.737438201904296875e+00 1.009389162063598633e-01
-1.097243213653564453e+01 7.883032321929931641e+00 1.028736531734466553e-01
-1.093184757232666016e+01 8.028324127197265625e+00 1.053139269351959229e-01
-1.088971519470214844e+01 8.173660278320312500e+00 1.082684397697448730e-01
-1.084475135803222656e+01 8.319844245910644531e+00 1.102693080902099609e-01
-1.080454540252685547e+01 8.458586692810058594e+00 9.949254989624023438e-02
-1.077048301696777344e+01 8.589035034179687500e+00 8.584928512573242188e-02
-1.073583126068115234e+01 8.719977378845214844e+00 7.249978184700012207e-02
-1.069679355621337891e+01 8.851845741271972656e+00 5.804559588432312012e-02
-1.064083480834960938e+01 8.991304397583007812e+00 4.896742105484008789e-02
-1.058093929290771484e+01 9.131911277770996094e+00 4.166731238365173340e-02
-1.052138328552246094e+01 9.270961761474609375e+00 3.451505303382873535e-02
-1.046152496337890625e+01 9.411346435546875000e+00 2.741777896881103516e-02
-1.040050888061523438e+01 9.551759719848632812e+00 2.057865262031555176e-02
-1.033795738220214844e+01 9.692355155944824219e+00 1.344105601310729980e-02
-1.027300167083740234e+01 9.832866668701171875e+00 6.134241819381713867e-03
-1.020701026916503906e+01 9.973555564880371094e+00 -7.532238960266113281e-04
-1.013890171051025391e+01 1.011454296112060547e+01 -7.341563701629638672e-03
-1.006924533843994141e+01 1.025518226623535156e+01 -1.355755329132080078e-02
-9.997856140136718750e+00 1.039577484130859375e+01 -1.883223652839660645e-02
-9.943609237670898438e+00 1.052332496643066406e+01 5.214750766754150391e-03
-9.875156402587890625e+00 1.065508460998535156e+01 1.516228914260864258e-02
-9.808805465698242188e+00 1.078210258483886719e+01 2.489069104194641113e-02
-9.745660781860351562e+00 1.090308761596679688e+01 3.428485989570617676e-02
-9.680953979492187500e+00 1.102426433563232422e+01 4.382291436195373535e-02
-9.614879608154296875e+00 1.114451885223388672e+01 5.332243442535400391e-02
-9.547594070434570312e+00 1.126552104949951172e+01 6.313639879226684570e-02
-9.479317665100097656e+00 1.138615989685058594e+01 7.313257455825805664e-02
-9.409493446350097656e+00 1.150690364837646484e+01 8.328610658645629883e-02
-9.338644981384277344e+00 1.162728977203369141e+01 9.361866116523742676e-02
-9.267032623291015625e+00 1.174891185760498047e+01 1.054778695106506348e-01
-9.194487571716308594e+00 1.187024784088134766e+01 1.176403760910034180e-01
-9.119310379028320312e+00 1.199031448364257812e+01 1.267748773097991943e-01
-9.040374755859375000e+00 1.210797119140625000e+01 1.308351755142211914e-01
-8.960255622863769531e+00 1.222448539733886719e+01 1.350250542163848877e-01
-8.878914833068847656e+00 1.234152221679687500e+01 1.395449936389923096e-01
-8.796663284301757812e+00 1.245801734924316406e+01 1.442969441413879395e-01
-8.712912559509277344e+00 1.257439804077148438e+01 1.492819786071777344e-01
-8.628263473510742188e+00 1.269022083282470703e+01 1.545258164405822754e-01
-8.542121887207031250e+00 1.280589485168457031e+01 1.600065529346466064e-01
-8.455100059509277344e+00 1.292097854614257812e+01 1.657646596431732178e-01
-8.353536605834960938e+00 1.304183483123779297e+01 1.604430675506591797e-01
-8.250031471252441406e+00 1.316227912902832031e+01 1.545969545841217041e-01
-8.160473823547363281e+00 1.326978015899658203e+01 1.496874690055847168e-01
-8.094807624816894531e+00 1.335901737213134766e+01 1.461143791675567627e-01
-8.028697013854980469e+00 1.344789791107177734e+01 1.427110135555267334e-01
-7.961666107177734375e+00 1.353670215606689453e+01 1.394477188587188721e-01
-7.894190311431884766e+00 1.362515163421630859e+01 1.363691985607147217e-01
-7.825793266296386719e+00 1.371352100372314453e+01 1.334448754787445068e-01
-7.756957054138183594e+00 1.380160808563232422e+01 1.307666897773742676e-01
-7.687199115753173828e+00 1.388959503173828125e+01 1.282550394535064697e-01
-7.626042366027832031e+00 1.397721672058105469e+01 1.243055760860443115e-01
-7.566529750823974609e+00 1.406409263610839844e+01 1.199525594711303711e-01
-7.506538867950439453e+00 1.415160846710205078e+01 1.158012747764587402e-01
-7.446156501770019531e+00 1.423885631561279297e+01 1.118478178977966309e-01
-7.384673595428466797e+00 1.432641410827636719e+01 1.079437434673309326e-01
-7.322238922119140625e+00 1.441351509094238281e+01 1.041513979434967041e-01
-7.258856773376464844e+00 1.450053119659423828e+01 1.005190312862396240e-01
-7.195062637329101562e+00 1.458733177185058594e+01 9.717580676078796387e-02
-7.130431175231933594e+00 1.467578887939453125e+01 9.678795933723449707e-02
-7.065381526947021484e+00 1.476395130157470703e+01 9.660640358924865723e-02
-6.999255657196044922e+00 1.485128116607666016e+01 9.651309251785278320e-02
-6.932593345642089844e+00 1.493923950195312500e+01 9.668213129043579102e-02
-6.865594863891601562e+00 1.502658462524414062e+01 9.700033068656921387e-02
-6.799537658691406250e+00 1.511141204833984375e+01 9.712800383567810059e-02
-6.730037689208984375e+00 1.519732379913330078e+01 9.724888205528259277e-02
-6.662817955017089844e+00 1.528148937225341797e+01 9.780430793762207031e-02
-6.592281341552734375e+00 1.536612033843994141e+01 9.843832254409790039e-02
-6.523988723754882812e+00 1.544926834106445312e+01 9.947639703750610352e-02
-6.452524185180664062e+00 1.553345394134521484e+01 1.011848747730255127e-01
-6.385571002960205078e+00 1.561551570892333984e+01 1.093619167804718018e-01
-6.307084083557128906e+00 1.570065784454345703e+01 1.172488629817962646e-01
-6.214665412902832031e+00 1.578691387176513672e+01 1.243950724601745605e-01
-6.123224258422851562e+00 1.587152481079101562e+01 1.293476223945617676e-01
-6.034132957458496094e+00 1.595285129547119141e+01 1.262294352054595947e-01
-5.947064399719238281e+00 1.603268623352050781e+01 1.233792901039123535e-01
-5.857043743133544922e+00 1.611315155029296875e+01 1.204194426536560059e-01
-5.771560668945312500e+00 1.619156837463378906e+01 1.182397603988647461e-01
-5.694324493408203125e+00 1.626835441589355469e+01 1.181544363498687744e-01
-5.620221614837646484e+00 1.634437370300292969e+01 1.170261502265930176e-01
-5.540864467620849609e+00 1.642197799682617188e+01 1.165249347686767578e-01
-5.463700294494628906e+00 1.649834442138671875e+01 1.163091659545898438e-01
-5.386106491088867188e+00 1.657441520690917969e+01 1.162570118904113770e-01
-5.305315017700195312e+00 1.665102958679199219e+01 1.162811517715454102e-01
-5.226867675781250000e+00 1.672646141052246094e+01 1.165294945240020752e-01
-5.145241737365722656e+00 1.680240249633789062e+01 1.168931126594543457e-01
-5.065978050231933594e+00 1.687717056274414062e+01 1.174612045288085938e-01
-4.983526229858398438e+00 1.695244598388671875e+01 1.181615889072418213e-01
-4.903281211853027344e+00 1.702586364746093750e+01 1.190337538719177246e-01
-4.820055007934570312e+00 1.710042762756347656e+01 1.200815141201019287e-01
-4.739218235015869141e+00 1.717387771606445312e+01 1.213558614253997803e-01
-4.658009052276611328e+00 1.724698829650878906e+01 1.227920949459075928e-01
-4.573635101318359375e+00 1.732051086425781250e+01 1.243905425071716309e-01
-4.491666316986083984e+00 1.739294815063476562e+01 1.261824071407318115e-01
-4.406579971313476562e+00 1.746575736999511719e+01 1.281583905220031738e-01
-4.324136734008789062e+00 1.753810882568359375e+01 1.307914555072784424e-01
-4.239145278930664062e+00 1.761263847351074219e+01 1.344380080699920654e-01
-4.156491279602050781e+00 1.768537521362304688e+01 1.381864845752716064e-01
-4.070879459381103516e+00 1.775920295715332031e+01 1.421374678611755371e-01
-3.987808942794799805e+00 1.783210945129394531e+01 1.463765501976013184e-01
-3.904239654541015625e+00 1.790528869628906250e+01 1.488636732101440430e-01
-3.817318439483642578e+00 1.797898292541503906e+01 1.498821079730987549e-01
-3.732881307601928711e+00 1.805167388916015625e+01 1.511708199977874756e-01
-3.645337343215942383e+00 1.812463760375976562e+01 1.525126397609710693e-01
-3.560324668884277344e+00 1.819662475585937500e+01 1.541118919849395752e-01
-3.471430778503417969e+00 1.826667594909667969e+01 1.526907384395599365e-01
-3.384695529937744141e+00 1.833433532714843750e+01 1.505473554134368896e-01
-3.294978141784667969e+00 1.840289306640625000e+01 1.485190689563751221e-01
-3.207780838012695312e+00 1.847056198120117188e+01 1.468575894832611084e-01
-3.120315074920654297e+00 1.853787231445312500e+01 1.454009115695953369e-01
-3.029742479324340820e+00 1.860527229309082031e+01 1.440450549125671387e-01
-2.941719293594360352e+00 1.867182922363281250e+01 1.430162787437438965e-01
-2.850610256195068359e+00 1.873845291137695312e+01 1.420946121215820312e-01
-2.762107849121093750e+00 1.880425262451171875e+01 1.415257751941680908e-01
-2.670510768890380859e+00 1.887009048461914062e+01 1.410717964172363281e-01
-2.581468105316162109e+00 1.893436622619628906e+01 1.409147977828979492e-01
-2.489396333694458008e+00 1.899840545654296875e+01 1.404453516006469727e-01
-2.399926185607910156e+00 1.906075859069824219e+01 1.398163139820098877e-01
-2.307471275329589844e+00 1.912307929992675781e+01 1.393480598926544189e-01
-2.217649936676025391e+00 1.918466377258300781e+01 1.392040848731994629e-01
-2.127685308456420898e+00 1.924587059020996094e+01 1.393061578273773193e-01
-2.034701824188232422e+00 1.930702209472656250e+01 1.395862996578216553e-01
-1.940388560295104980e+00 1.936528205871582031e+01 1.388297975063323975e-01
-1.841328144073486328e+00 1.942240524291992188e+01 1.374781429767608643e-01
-1.745024561882019043e+00 1.947810745239257812e+01 1.365197002887725830e-01
-1.645666837692260742e+00 1.953431510925292969e+01 1.358738839626312256e-01
-1.548835754394531250e+00 1.958956527709960938e+01 1.359471976757049561e-01
